video_no,frame,timestamp_ms,good,x0,y0,z0,visibility0,x1,y1,z1,visibility1,x2,y2,z2,visibility2,x3,y3,z3,visibility3,x4,y4,z4,visibility4,x5,y5,z5,visibility5,x6,y6,z6,visibility6,x7,y7,z7,visibility7,x8,y8,z8,visibility8,x9,y9,z9,visibility9,x10,y10,z10,visibility10,x11,y11,z11,visibility11,x12,y12,z12,visibility12,x13,y13,z13,visibility13,x14,y14,z14,visibility14,x15,y15,z15,visibility15,x16,y16,z16,visibility16,x17,y17,z17,visibility17,x18,y18,z18,visibility18,x19,y19,z19,visibility19,x20,y20,z20,visibility20,x21,y21,z21,visibility21,x22,y22,z22,visibility22,x23,y23,z23,visibility23,x24,y24,z24,visibility24,x25,y25,z25,visibility25,x26,y26,z26,visibility26,x27,y27,z27,visibility27,x28,y28,z28,visibility28,x29,y29,z29,visibility29,x30,y30,z30,visibility30,x31,y31,z31,visibility31,x32,y32,z32,visibility32
IMG_9687 2,1,32,bad,0.4678860902786255,0.4500744342803955,-0.15733171999454498,0.9993758797645569,0.4777446687221527,0.4443244934082031,-0.1297236531972885,0.999492883682251,0.4827055335044861,0.4446493089199066,-0.1298132985830307,0.9994301199913025,0.48705947399139404,0.44494864344596863,-0.12988679111003876,0.9994785189628601,0.46188560128211975,0.4444892704486847,-0.12939271330833435,0.9991649389266968,0.4563866853713989,0.4448435306549072,-0.12932942807674408,0.9989123344421387,0.45106664299964905,0.44506537914276123,-0.12933197617530823,0.9988297820091248,0.4921344816684723,0.4483438730239868,0.01756048947572708,0.9996691942214966,0.4419324994087219,0.448239803314209,0.023990768939256668,0.999103307723999,0.4776090979576111,0.45705893635749817,-0.10163281857967377,0.9993245601654053,0.4581853151321411,0.4588733911514282,-0.10039904713630676,0.998695433139801,0.5213553309440613,0.48840272426605225,-0.0066729639656841755,0.9984403252601624,0.4116044342517853,0.48714137077331543,0.017729489132761955,0.9963662624359131,0.5132015943527222,0.49388787150382996,-0.36978304386138916,0.8729872703552246,0.42664414644241333,0.49678435921669006,-0.3251497149467468,0.7481972575187683,0.489396333694458,0.4445061981678009,-0.6523268818855286,0.8872356414794922,0.44857481122016907,0.4472545087337494,-0.6350012421607971,0.8959769010543823,0.4823008179664612,0.43208396434783936,-0.7237920761108398,0.8614640831947327,0.4506896734237671,0.43498095870018005,-0.7052814364433289,0.8590903878211975,0.4816204011440277,0.4307031035423279,-0.6982756853103638,0.8536844253540039,0.448980450630188,0.4339759349822998,-0.6922215223312378,0.8494957089424133,0.4833223223686218,0.43484318256378174,-0.6535858511924744,0.8287056088447571,0.44871821999549866,0.4385623335838318,-0.6433179974555969,0.8229795098304749,0.5010319948196411,0.5888255834579468,-0.03088529035449028,0.9998302459716797,0.4300084710121155,0.5907078981399536,0.03091169334948063,0.9996402263641357,0.4970302879810333,0.6750364303588867,-0.11400013417005539,0.9863210320472717,0.4524022042751312,0.6705158352851868,0.015538367442786694,0.9575185179710388,0.5023348331451416,0.7668147087097168,-0.034956734627485275,0.9836058616638184,0.47803202271461487,0.7537622451782227,0.1892491728067398,0.947442352771759,0.49875608086586,0.7772806882858276,-0.03838108852505684,0.729085385799408,0.4852310121059418,0.7623127698898315,0.19593818485736847,0.7277634739875793,0.510191023349762,0.7965826988220215,-0.23604774475097656,0.9726515412330627,0.4535573124885559,0.7745904326438904,0.03860124200582504,0.9383260011672974
IMG_9687 2,2,65,bad,0.4678843915462494,0.4489811360836029,-0.17557522654533386,0.9994077086448669,0.47774580121040344,0.4438874423503876,-0.14813923835754395,0.9995182752609253,0.4826955199241638,0.44424372911453247,-0.14821527898311615,0.9994592666625977,0.48702529072761536,0.44456443190574646,-0.1482788622379303,0.9995056390762329,0.4619174301624298,0.4439625144004822,-0.1494934856891632,0.9992077946662903,0.4564184844493866,0.44432511925697327,-0.14943304657936096,0.9989680051803589,0.451095312833786,0.4445874094963074,-0.14944079518318176,0.9988882541656494,0.49184557795524597,0.44778257608413696,-0.0002657218719832599,0.9996820688247681,0.44196248054504395,0.4478508234024048,-0.0011388894636183977,0.9991426467895508,0.4775555729866028,0.4560190737247467,-0.11955292522907257,0.9993659853935242,0.45802929997444153,0.45753592252731323,-0.12045370042324066,0.9987691640853882,0.5213463306427002,0.4882713854312897,-0.020455854013562202,0.998505711555481,0.41160479187965393,0.4870718717575073,-0.008378730155527592,0.9964733719825745,0.5145955681800842,0.4937382936477661,-0.3993695080280304,0.8748826384544373,0.42665034532546997,0.4967837333679199,-0.3609824478626251,0.7558095455169678,0.48949652910232544,0.44451338052749634,-0.6995974779129028,0.8888455033302307,0.4485836327075958,0.44713258743286133,-0.6670506596565247,0.898771345615387,0.482759028673172,0.4319708049297333,-0.7717602849006653,0.8633949756622314,0.4509337842464447,0.4346815049648285,-0.7358531355857849,0.862362802028656,0.48196592926979065,0.4306207597255707,-0.7435787916183472,0.8554889559745789,0.44951876997947693,0.43361005187034607,-0.7241261005401611,0.8528130650520325,0.48354044556617737,0.43487536907196045,-0.6999484300613403,0.8306995630264282,0.44911453127861023,0.4383225739002228,-0.6755915880203247,0.826869010925293,0.5013400316238403,0.588905394077301,-0.030874449759721756,0.9998381733894348,0.4300804138183594,0.5909028649330139,0.03089907206594944,0.9996500611305237,0.4971247911453247,0.6752471327781677,-0.11064442992210388,0.987125813961029,0.4527815878391266,0.6731933355331421,0.08221032470464706,0.9586391448974609,0.5024004578590393,0.7678638696670532,-0.04981797933578491,0.9843416213989258,0.47691425681114197,0.7539659738540649,0.31722092628479004,0.9471481442451477,0.49886226654052734,0.7791620492935181,-0.05641259625554085,0.7338151931762695,0.484531432390213,0.7624691724777222,0.3307792842388153,0.7232940793037415,0.5097936987876892,0.7987691760063171,-0.2566521465778351,0.9738277196884155,0.44580361247062683,0.7747749090194702,0.18937288224697113,0.938922643661499
IMG_9687 2,3,98,bad,0.4675745368003845,0.4490363299846649,-0.18733692169189453,0.999424159526825,0.4776391386985779,0.4440503716468811,-0.16198231279850006,0.999531626701355,0.4825780689716339,0.44438424706459045,-0.16205747425556183,0.9994755387306213,0.4868793487548828,0.44466519355773926,-0.16212423145771027,0.9995215535163879,0.4618287980556488,0.44436708092689514,-0.16145189106464386,0.9992314577102661,0.45636704564094543,0.44473448395729065,-0.16139408946037292,0.9989949464797974,0.4510747790336609,0.44501057267189026,-0.16142509877681732,0.9989138841629028,0.4917955696582794,0.4478932321071625,-0.016991648823022842,0.9996863603591919,0.4420417249202728,0.44826894998550415,-0.009004555642604828,0.9991508722305298,0.47750407457351685,0.45603078603744507,-0.13148747384548187,0.999393105506897,0.45801085233688354,0.4575435519218445,-0.12985125184059143,0.9988089799880981,0.5214277505874634,0.48810896277427673,-0.039947059005498886,0.9985787868499756,0.4116516709327698,0.48698118329048157,-0.012777122668921947,0.996557891368866,0.5144274234771729,0.4927523732185364,-0.42610234022140503,0.8778045773506165,0.42480573058128357,0.4963875412940979,-0.37371817231178284,0.7617158889770508,0.4895049035549164,0.44450464844703674,-0.727968156337738,0.8918783664703369,0.44837692379951477,0.4471234977245331,-0.690379798412323,0.9009300470352173,0.48279520869255066,0.4317847788333893,-0.8027828931808472,0.8672716021537781,0.4509322941303253,0.43468618392944336,-0.7588154673576355,0.8650082945823669,0.48194438219070435,0.43043434619903564,-0.7755634784698486,0.8595041632652283,0.4496872127056122,0.43358150124549866,-0.7482506632804871,0.8555744290351868,0.48350271582603455,0.4348744750022888,-0.7286111116409302,0.8346658945083618,0.4493025243282318,0.4380878210067749,-0.6997571587562561,0.8301531076431274,0.501775324344635,0.5888524651527405,-0.036043036729097366,0.9998462796211243,0.4300916790962219,0.5909016132354736,0.036087214946746826,0.9996592402458191,0.4970495104789734,0.6752465963363647,-0.13547469675540924,0.9878646731376648,0.4527817666530609,0.6737247109413147,0.13104647397994995,0.9587444067001343,0.5024073123931885,0.7678796648979187,-0.10546170175075531,0.9851183891296387,0.47648173570632935,0.7539559602737427,0.3859204947948456,0.9469017386436462,0.4989963173866272,0.7808281183242798,-0.11447024345397949,0.7436478137969971,0.4844582974910736,0.7626490592956543,0.401382714509964,0.7240289449691772,0.5096511244773865,0.7995725870132446,-0.3182506263256073,0.975145697593689,0.4402353763580322,0.7747484445571899,0.2632523477077484,0.939725399017334
IMG_9687 2,4,131,bad,0.4675748944282532,0.4483233690261841,-0.19536933302879333,0.9994378089904785,0.4776381850242615,0.44375720620155334,-0.1682402342557907,0.999542772769928,0.48255327343940735,0.4441298544406891,-0.1683250218629837,0.9994885325431824,0.48683878779411316,0.444431871175766,-0.1684025377035141,0.9995343685150146,0.46187829971313477,0.44371941685676575,-0.16791777312755585,0.9992508292198181,0.4564470052719116,0.44398143887519836,-0.1678607016801834,0.9990153908729553,0.451217383146286,0.4441891014575958,-0.16788825392723083,0.9989330768585205,0.4917721152305603,0.4475235044956207,-0.020485779270529747,0.9996857643127441,0.4422982335090637,0.4475415050983429,-0.01403725240379572,0.9991605877876282,0.4775068461894989,0.45598989725112915,-0.13942977786064148,0.9994170665740967,0.4580133855342865,0.45715343952178955,-0.13819175958633423,0.9988488554954529,0.5218102931976318,0.4880772829055786,-0.04052254557609558,0.9985973238945007,0.41151750087738037,0.48696818947792053,-0.021103356033563614,0.9966081976890564,0.5112249851226807,0.4935472309589386,-0.4161030352115631,0.8759145736694336,0.424003541469574,0.49669814109802246,-0.37420299649238586,0.7657470703125,0.4890952706336975,0.44406285881996155,-0.7126380801200867,0.8913731575012207,0.44789597392082214,0.4470936059951782,-0.6837121248245239,0.9005143642425537,0.4825795590877533,0.43145954608917236,-0.7850003838539124,0.8675896525382996,0.45061859488487244,0.4345453977584839,-0.7520670294761658,0.8642879128456116,0.48192986845970154,0.43008947372436523,-0.7597303986549377,0.8598479628562927,0.4494883716106415,0.43341580033302307,-0.7404001355171204,0.8547108173370361,0.4834838807582855,0.43468132615089417,-0.7141314148902893,0.8349720239639282,0.44913384318351746,0.4380117952823639,-0.6924616694450378,0.8297415971755981,0.5019248723983765,0.5891984701156616,-0.03310170769691467,0.999854326248169,0.4300925135612488,0.5910739302635193,0.03311491385102272,0.999670684337616,0.49707385897636414,0.6759671568870544,-0.13497672975063324,0.988348662853241,0.45305749773979187,0.6753426790237427,0.10065403580665588,0.9589974284172058,0.5024734735488892,0.769044041633606,-0.08224381506443024,0.9853779077529907,0.47637712955474854,0.7540820240974426,0.38274455070495605,0.9421371817588806,0.49912798404693604,0.7819452881813049,-0.08871698379516602,0.7438320517539978,0.48443281650543213,0.7626463770866394,0.4023073613643646,0.7088201642036438,0.5096638202667236,0.8009044528007507,-0.2897281050682068,0.9755399227142334,0.44145864248275757,0.7758678197860718,0.2701859474182129,0.9360731244087219
IMG_9687 2,5,164,bad,0.4680130183696747,0.45222771167755127,-0.19246850907802582,0.9994179010391235,0.47824379801750183,0.44686105847358704,-0.16788293421268463,0.9995226263999939,0.4831201732158661,0.4472687840461731,-0.16796037554740906,0.9994668960571289,0.48731350898742676,0.4475196599960327,-0.1680421233177185,0.9995136260986328,0.4625622034072876,0.44634175300598145,-0.16634736955165863,0.9992286562919617,0.45731350779533386,0.4465187191963196,-0.16627176105976105,0.9989842176437378,0.4523382782936096,0.4466516971588135,-0.16623081266880035,0.9989012479782104,0.4921662509441376,0.44963037967681885,-0.017954446375370026,0.999660313129425,0.4427966773509979,0.4496998190879822,-0.0083643002435565,0.9991253614425659,0.47793686389923096,0.4601164162158966,-0.1356932669878006,0.9993944764137268,0.4586108326911926,0.46084532141685486,-0.1368473619222641,0.9988115429878235,0.522589921951294,0.4884384274482727,-0.028852835297584534,0.9985857605934143,0.4116796851158142,0.4877256453037262,-0.016401926055550575,0.9966006278991699,0.5112442970275879,0.4923185706138611,-0.3725736141204834,0.8751491904258728,0.4204059839248657,0.4966910481452942,-0.3588607609272003,0.7701956033706665,0.4885319471359253,0.4423236548900604,-0.647273600101471,0.8900036215782166,0.4474537670612335,0.44675272703170776,-0.6435961127281189,0.8998945951461792,0.48202842473983765,0.430406391620636,-0.7148815989494324,0.8656234741210938,0.45059946179389954,0.43417608737945557,-0.7081594467163086,0.862328827381134,0.48129624128341675,0.42911720275878906,-0.6887180805206299,0.8575854301452637,0.44948941469192505,0.4330970048904419,-0.6957281231880188,0.8525059223175049,0.4828135669231415,0.43340322375297546,-0.6473773717880249,0.8321805000305176,0.44911983609199524,0.43783479928970337,-0.651206910610199,0.8276256918907166,0.5020765662193298,0.5896681547164917,-0.03285311535000801,0.9998546838760376,0.4301658272743225,0.5916280746459961,0.032873425632715225,0.9996665120124817,0.49707460403442383,0.6759890913963318,-0.13086187839508057,0.9886221885681152,0.45339852571487427,0.6757879853248596,0.09698320925235748,0.9583895206451416,0.5025016665458679,0.7691423296928406,-0.08592233806848526,0.9855110049247742,0.4763927459716797,0.7548263072967529,0.32985997200012207,0.9412793517112732,0.4993603229522705,0.7826133966445923,-0.0931565910577774,0.7477510571479797,0.4844861626625061,0.7633818984031677,0.34318438172340393,0.707295298576355,0.5096244812011719,0.801085889339447,-0.29222172498703003,0.9758906364440918,0.4421480596065521,0.7763257622718811,0.20056943595409393,0.9354400038719177
IMG_9687 2,6,197,bad,0.46798405051231384,0.45431312918663025,-0.16077537834644318,0.9994224309921265,0.47816604375839233,0.4504459500312805,-0.1366317868232727,0.9995228052139282,0.4830631911754608,0.4506710171699524,-0.1367032378911972,0.9994693398475647,0.4873028099536896,0.45075175166130066,-0.13676811754703522,0.9995140433311462,0.46250587701797485,0.4498943090438843,-0.135507732629776,0.9992331862449646,0.45731163024902344,0.44998541474342346,-0.13545888662338257,0.9989909529685974,0.452352911233902,0.4499308168888092,-0.13548895716667175,0.9989078640937805,0.49216675758361816,0.45185860991477966,0.0037708114832639694,0.9996568560600281,0.4430933892726898,0.45219123363494873,0.012837199494242668,0.9991195797920227,0.47797122597694397,0.4618634581565857,-0.10650266706943512,0.9993937611579895,0.45881497859954834,0.46402212977409363,-0.10570968687534332,0.9988055229187012,0.5240160822868347,0.48898765444755554,-0.006281909067183733,0.9986316561698914,0.41183120012283325,0.4894030690193176,0.003410466481000185,0.9966456890106201,0.5112523436546326,0.4928368926048279,-0.3270195722579956,0.8786734938621521,0.41904696822166443,0.49682754278182983,-0.3218582570552826,0.7768741846084595,0.4880366027355194,0.4423068165779114,-0.5792878866195679,0.8934668898582458,0.44617772102355957,0.44694462418556213,-0.6012741923332214,0.9015503525733948,0.4811553955078125,0.43042004108428955,-0.6432168483734131,0.8685997724533081,0.4502086043357849,0.4343874752521515,-0.6659764647483826,0.8631146550178528,0.48058709502220154,0.42911702394485474,-0.6177791953086853,0.8605059385299683,0.4493631422519684,0.43333691358566284,-0.6521294713020325,0.8531753420829773,0.48201802372932434,0.433300644159317,-0.5785849094390869,0.8351151347160339,0.4488108158111572,0.43814560770988464,-0.6082441806793213,0.828607439994812,0.5025932788848877,0.5901936292648315,-0.032786477357149124,0.9998547434806824,0.43036895990371704,0.5923803448677063,0.03280699625611305,0.999663233757019,0.49707499146461487,0.6759942770004272,-0.12858213484287262,0.9888004660606384,0.4538874626159668,0.6757537126541138,0.09278382360935211,0.9574981927871704,0.5025513768196106,0.769489586353302,-0.08062120527029037,0.9856085181236267,0.4764350652694702,0.7553858160972595,0.31317511200904846,0.9416765570640564,0.49956274032592773,0.7829145193099976,-0.08720248937606812,0.7518194913864136,0.4845884442329407,0.7646282911300659,0.33012405037879944,0.7097461223602295,0.5096729397773743,0.8011606931686401,-0.2843145728111267,0.9762462377548218,0.4424313008785248,0.7767107486724854,0.18258000910282135,0.9360650777816772
IMG_9687 2,7,230,bad,0.46734026074409485,0.45559409260749817,-0.12077276408672333,0.9994536638259888,0.4773396849632263,0.45245349407196045,-0.09683112055063248,0.9995466470718384,0.4822045862674713,0.4527473449707031,-0.09689628332853317,0.9994969964027405,0.4863480031490326,0.4516299068927765,-0.09694533795118332,0.9995378851890564,0.4621763825416565,0.45165368914604187,-0.09499289095401764,0.9992741942405701,0.457199364900589,0.45171651244163513,-0.0949551984667778,0.9990453124046326,0.45234736800193787,0.45164141058921814,-0.09501731395721436,0.9989686012268066,0.4918416440486908,0.45399361848831177,0.03760199993848801,0.9996711015701294,0.4432435631752014,0.4538019597530365,0.0498591884970665,0.9991615414619446,0.4774352014064789,0.46355417370796204,-0.06850038468837738,0.9994146823883057,0.45881256461143494,0.46402817964553833,-0.06594838947057724,0.9988527297973633,0.5249441862106323,0.4892914593219757,0.024700982496142387,0.9987082481384277,0.4121657609939575,0.48992687463760376,0.0452960841357708,0.9967919588088989,0.5076581239700317,0.49248355627059937,-0.2719133794307709,0.8833093047142029,0.4155600965023041,0.4978956878185272,-0.2595723867416382,0.7863815426826477,0.4828915596008301,0.44000256061553955,-0.5089836120605469,0.8987802267074585,0.4432056248188019,0.4475124478340149,-0.5332033038139343,0.9051348567008972,0.4766386151313782,0.42877572774887085,-0.5702832341194153,0.8738867044448853,0.4494348168373108,0.43470385670661926,-0.5966642498970032,0.8660740256309509,0.4776960611343384,0.4276353418827057,-0.5483809113502502,0.8659002184867859,0.44911548495292664,0.43356114625930786,-0.5813494324684143,0.8559466600418091,0.4791049659252167,0.4315398633480072,-0.5088059902191162,0.840806245803833,0.4483015239238739,0.4384359121322632,-0.5386843085289001,0.8317771553993225,0.5028670430183411,0.5904279947280884,-0.03296686336398125,0.9998594522476196,0.4306644797325134,0.5928118228912354,0.03299139812588692,0.9996735453605652,0.4970814883708954,0.6760368347167969,-0.12731099128723145,0.9890192747116089,0.4543378949165344,0.6756405234336853,0.08931933343410492,0.9575043320655823,0.5027667880058289,0.7700288891792297,-0.082753024995327,0.9858377575874329,0.476369172334671,0.755671501159668,0.2836531102657318,0.9428576231002808,0.4998093843460083,0.7830383777618408,-0.08951085805892944,0.7575358748435974,0.48455387353897095,0.7653206586837769,0.2932065427303314,0.7145859599113464,0.509692370891571,0.801170825958252,-0.2830938696861267,0.9768426418304443,0.4422409236431122,0.776934027671814,0.1528671532869339,0.9375199675559998
IMG_9687 2,8,263,bad,0.4675348997116089,0.45555076003074646,-0.12195170670747757,0.9994573593139648,0.47734037041664124,0.4522300660610199,-0.0987481102347374,0.9995458126068115,0.4821898341178894,0.4525068700313568,-0.09881430864334106,0.999499499797821,0.4863123595714569,0.45137810707092285,-0.09887343645095825,0.9995381832122803,0.462240070104599,0.45155778527259827,-0.09673787653446198,0.9992740154266357,0.45731261372566223,0.45166900753974915,-0.09669433534145355,0.9990448951721191,0.4525134563446045,0.4516623914241791,-0.09675904363393784,0.9989748597145081,0.49195945262908936,0.45412078499794006,0.03513816371560097,0.9996660351753235,0.4436579644680023,0.453777551651001,0.04839426279067993,0.9991602897644043,0.47769469022750854,0.4638270139694214,-0.06964107602834702,0.9994114637374878,0.45972344279289246,0.4637643098831177,-0.06659626215696335,0.9988582134246826,0.525930643081665,0.48943522572517395,0.025775613263249397,0.9987778067588806,0.413406103849411,0.4901469349861145,0.052285335958004,0.9968858361244202,0.506919801235199,0.4924377202987671,-0.27286526560783386,0.8862839937210083,0.4090360999107361,0.49848684668540955,-0.24232915043830872,0.7933138608932495,0.48114752769470215,0.4396234154701233,-0.5190130472183228,0.9020870923995972,0.44180843234062195,0.4472452402114868,-0.5139743089675903,0.9059736132621765,0.47642025351524353,0.42861971259117126,-0.5813494920730591,0.8766594529151917,0.44875043630599976,0.4347056746482849,-0.5769267678260803,0.8649097084999084,0.47770917415618896,0.42757290601730347,-0.5591074228286743,0.8685472011566162,0.4489244222640991,0.4335387349128723,-0.5614539384841919,0.8542002439498901,0.4790150821208954,0.43148374557495117,-0.5189700722694397,0.8431894779205322,0.4480630159378052,0.43812650442123413,-0.519213080406189,0.8300743103027344,0.5028670430183411,0.590422511100769,-0.03294143080711365,0.9998608827590942,0.4308204650878906,0.5927955508232117,0.03296661749482155,0.9996731877326965,0.49714258313179016,0.6762771606445312,-0.1269574910402298,0.9890639781951904,0.45465517044067383,0.6755721569061279,0.08468502014875412,0.9570268988609314,0.5032102465629578,0.7708626389503479,-0.08633137494325638,0.9858646988868713,0.4760602116584778,0.7556902170181274,0.2691718637943268,0.9420523047447205,0.5007443428039551,0.7834211587905884,-0.09378498792648315,0.7548472881317139,0.48440036177635193,0.7652634382247925,0.2778509855270386,0.7119812965393066,0.5096297264099121,0.8012015223503113,-0.29387637972831726,0.9768927693367004,0.4428117275238037,0.7772050499916077,0.13382361829280853,0.9369378685951233
IMG_9687 2,9,296,bad,0.46766021847724915,0.452935129404068,-0.12407225370407104,0.9994737505912781,0.47734177112579346,0.44745707511901855,-0.10627459734678268,0.9995582699775696,0.4821655750274658,0.44788166880607605,-0.1062697097659111,0.9995141625404358,0.4862513840198517,0.4475303590297699,-0.1062743291258812,0.9995495676994324,0.46244728565216064,0.44613227248191833,-0.10087384283542633,0.999298632144928,0.457585871219635,0.44620609283447266,-0.10088148713111877,0.9990763068199158,0.45280686020851135,0.4463271498680115,-0.10104964673519135,0.9990103840827942,0.4919673800468445,0.4497600197792053,0.02643943578004837,0.9996653199195862,0.44432955980300903,0.4508284032344818,0.04552363231778145,0.9991902112960815,0.4778192639350891,0.4602169692516327,-0.07120436429977417,0.9994324445724487,0.4598439633846283,0.4606243073940277,-0.07038209587335587,0.9989123344421387,0.5280903577804565,0.489444375038147,0.018556710332632065,0.998845100402832,0.4141419231891632,0.48943260312080383,0.04064612090587616,0.9970597624778748,0.5093380808830261,0.49244391918182373,-0.29045185446739197,0.8903447985649109,0.3997386395931244,0.49790728092193604,-0.26812052726745605,0.8063866496086121,0.48151594400405884,0.43965768814086914,-0.557619035243988,0.9074273705482483,0.4372606575489044,0.44680342078208923,-0.5464184880256653,0.9100527167320251,0.47657856345176697,0.42875415086746216,-0.6239105463027954,0.8822634220123291,0.446809321641922,0.4345276951789856,-0.6092134714126587,0.8680857419967651,0.4777646064758301,0.4275839328765869,-0.6008567810058594,0.874406635761261,0.44846010208129883,0.43301841616630554,-0.5941147208213806,0.857220470905304,0.479066401720047,0.43152135610580444,-0.5578564405441284,0.8490960001945496,0.44724252820014954,0.4373822808265686,-0.5514302849769592,0.8335250020027161,0.5029772520065308,0.5903284549713135,-0.03181399777531624,0.9998635649681091,0.4312692880630493,0.5924715995788574,0.03185850754380226,0.999679684638977,0.4971775710582733,0.6768274903297424,-0.12643741071224213,0.9894124269485474,0.45495685935020447,0.675529956817627,0.08892412483692169,0.9578834176063538,0.5032125115394592,0.7712115049362183,-0.10080466419458389,0.9862152934074402,0.47521498799324036,0.7554571032524109,0.3159414231777191,0.9409112334251404,0.5005095601081848,0.784008264541626,-0.10981132835149765,0.7611213326454163,0.4834294617176056,0.7647607326507568,0.3303351402282715,0.709100604057312,0.5092316269874573,0.8013107180595398,-0.3118317425251007,0.9774553179740906,0.442516952753067,0.7763450145721436,0.19372478127479553,0.9360681772232056
IMG_9687 2,10,329,bad,0.4683885872364044,0.45073455572128296,-0.12848390638828278,0.9994919300079346,0.4776316285133362,0.4451563060283661,-0.11641942709684372,0.99956876039505,0.48228126764297485,0.44560348987579346,-0.11640894412994385,0.9995271563529968,0.4862944483757019,0.44541358947753906,-0.11641883850097656,0.9995582103729248,0.4633195698261261,0.4431520700454712,-0.10423421114683151,0.9993213415145874,0.4584011733531952,0.4430367052555084,-0.10427030175924301,0.9991051554679871,0.4536076784133911,0.44303426146507263,-0.1044841781258583,0.9990434646606445,0.4920138418674469,0.44729912281036377,0.013982148841023445,0.9996674656867981,0.44495412707328796,0.44718876481056213,0.039141759276390076,0.9992138147354126,0.47811421751976013,0.4571765959262848,-0.07595757395029068,0.999452531337738,0.46030083298683167,0.4576362669467926,-0.0764055997133255,0.9989649653434753,0.5293894410133362,0.4888335168361664,0.01446549128741026,0.9989244937896729,0.41486749053001404,0.4866858124732971,0.05847187712788582,0.9972403049468994,0.5106391906738281,0.4919971823692322,-0.2893745005130768,0.8964554667472839,0.3976403772830963,0.49715375900268555,-0.22751359641551971,0.8165475130081177,0.4799431264400482,0.43975886702537537,-0.5544091463088989,0.912621259689331,0.4348096549510956,0.4467276632785797,-0.5210133194923401,0.9128115773200989,0.474028617143631,0.4295611083507538,-0.6222222447395325,0.8876034617424011,0.4463399648666382,0.4344991147518158,-0.5857757925987244,0.8697622418403625,0.4749199151992798,0.42785435914993286,-0.6016870141029358,0.8799534440040588,0.4484591484069824,0.4326395094394684,-0.5701484680175781,0.8584735989570618,0.47644856572151184,0.4316651225090027,-0.5547412633895874,0.8544094562530518,0.44701504707336426,0.43710240721702576,-0.5257452130317688,0.834637463092804,0.5029562711715698,0.5893864035606384,-0.03827471286058426,0.9998682737350464,0.4313776195049286,0.5909726619720459,0.038368381559848785,0.9996892809867859,0.4967471659183502,0.6768887042999268,-0.1417529433965683,0.9897854328155518,0.45501214265823364,0.6749317049980164,0.10698788613080978,0.9586539268493652,0.5031035542488098,0.7717764377593994,-0.12243373692035675,0.986853837966919,0.474349707365036,0.75550776720047,0.312273770570755,0.9429230690002441,0.5004104971885681,0.7850738167762756,-0.13154730200767517,0.7730725407600403,0.48247030377388,0.76474529504776,0.32378265261650085,0.7181201577186584,0.5085187554359436,0.8014406561851501,-0.3387974202632904,0.9785729646682739,0.44035422801971436,0.7764118909835815,0.17952865362167358,0.9382109642028809
IMG_9687 2,11,361,bad,0.469350665807724,0.4451019763946533,-0.0968654528260231,0.9995273351669312,0.4779580533504486,0.4402901232242584,-0.07558020949363708,0.9995964169502258,0.48248448967933655,0.4405065178871155,-0.0756232887506485,0.999557375907898,0.48646223545074463,0.44043904542922974,-0.07568459957838058,0.9995871782302856,0.4644165337085724,0.4391275644302368,-0.0695885643362999,0.9993687868118286,0.45973441004753113,0.4390528202056885,-0.06957828998565674,0.9991649389266968,0.45503148436546326,0.4390564560890198,-0.06967946141958237,0.9991120100021362,0.49250319600105286,0.4432644546031952,0.05937638506293297,0.9996821284294128,0.4468795359134674,0.44314131140708923,0.08394847810268402,0.9992640018463135,0.47882533073425293,0.45262858271598816,-0.043831270188093185,0.999481201171875,0.4612482190132141,0.45197632908821106,-0.038606759160757065,0.9990280866622925,0.5311646461486816,0.48566004633903503,0.06675887107849121,0.9990124106407166,0.4166920781135559,0.48416733741760254,0.11175808310508728,0.9974376559257507,0.5108492970466614,0.4907991290092468,-0.1896401196718216,0.9022173285484314,0.39370197057724,0.4969484210014343,-0.15177641808986664,0.827063798904419,0.47509896755218506,0.44047802686691284,-0.41804513335227966,0.918067455291748,0.43460309505462646,0.4475405812263489,-0.42693230509757996,0.9144353866577148,0.4666566848754883,0.4304710924625397,-0.47594213485717773,0.8930566906929016,0.4458693563938141,0.43518102169036865,-0.48748672008514404,0.8683675527572632,0.46931466460227966,0.4280358850955963,-0.455797404050827,0.8854826092720032,0.4484044015407562,0.43319910764694214,-0.467806339263916,0.8559405207633972,0.47152280807495117,0.43172335624694824,-0.4164963960647583,0.859846293926239,0.4467550218105316,0.4377986490726471,-0.4292398691177368,0.8315415978431702,0.5031355023384094,0.586148202419281,-0.036903832107782364,0.9998756647109985,0.43225014209747314,0.5876303315162659,0.03701847419142723,0.9997043013572693,0.49673229455947876,0.6768841743469238,-0.14658096432685852,0.9897902011871338,0.4576643705368042,0.6749076247215271,0.09930609166622162,0.9580245018005371,0.5031027793884277,0.7722132205963135,-0.15510909259319305,0.986720621585846,0.47436875104904175,0.7551155686378479,0.3263317346572876,0.9391006827354431,0.5004042983055115,0.785793125629425,-0.16647325456142426,0.7787739038467407,0.4825475513935089,0.7643942832946777,0.3419083058834076,0.710769772529602,0.5092201828956604,0.8015265464782715,-0.3705657124519348,0.9785495400428772,0.44409939646720886,0.7752763628959656,0.20938114821910858,0.9349780082702637
IMG_9687 2,12,394,bad,0.47286832332611084,0.4400826692581177,-0.11327619105577469,0.9995683431625366,0.4801303446292877,0.4352567195892334,-0.0879611000418663,0.9996307492256165,0.4842195212841034,0.43551212549209595,-0.08801307529211044,0.9995947480201721,0.4878983199596405,0.43568211793899536,-0.08807599544525146,0.9996222853660583,0.4680413007736206,0.4345691204071045,-0.08514633774757385,0.9994245171546936,0.46366775035858154,0.43452879786491394,-0.0851292610168457,0.999237596988678,0.45897945761680603,0.4345058798789978,-0.08518320322036743,0.9991908669471741,0.4931909739971161,0.43905556201934814,0.06269415467977524,0.9997054934501648,0.4502450227737427,0.43787896633148193,0.07301852852106094,0.9993261694908142,0.48083949089050293,0.4469178020954132,-0.05653446167707443,0.99952232837677,0.4638686180114746,0.4465515911579132,-0.053854916244745255,0.9991111159324646,0.5309377312660217,0.480761855840683,0.06476196646690369,0.9990981221199036,0.4173402190208435,0.47639426589012146,0.1146949902176857,0.9976344704627991,0.5106441974639893,0.490750789642334,-0.2095174491405487,0.9082735776901245,0.39025527238845825,0.4965101182460785,-0.15166908502578735,0.8385122418403625,0.47326573729515076,0.4423319399356842,-0.46205511689186096,0.9228488802909851,0.4351789653301239,0.44873112440109253,-0.44074952602386475,0.9166595935821533,0.46595028042793274,0.43217548727989197,-0.526116132736206,0.897796094417572,0.4458003044128418,0.4359941780567169,-0.5021089315414429,0.8682400584220886,0.46815595030784607,0.4292422831058502,-0.5051319599151611,0.8904542922973633,0.44831570982933044,0.4344548285007477,-0.4851912260055542,0.855402946472168,0.4702033996582031,0.4329032301902771,-0.46098363399505615,0.8648006916046143,0.44669681787490845,0.438936710357666,-0.44372937083244324,0.8306597471237183,0.5031068325042725,0.5849249958992004,-0.04083385318517685,0.9998842477798462,0.4335022270679474,0.5862361788749695,0.04104307293891907,0.9997182488441467,0.49589839577674866,0.6766439080238342,-0.16968578100204468,0.9900221228599548,0.4579411447048187,0.6743030548095703,0.14135567843914032,0.9561922550201416,0.501806914806366,0.771648645401001,-0.18871574103832245,0.9870496988296509,0.47429159283638,0.7534403204917908,0.4330320954322815,0.9359114170074463,0.4989992380142212,0.7856917977333069,-0.20115040242671967,0.790219247341156,0.48252105712890625,0.7626543641090393,0.4543488323688507,0.7103875279426575,0.5089722275733948,0.8012806177139282,-0.4115179777145386,0.9793051481246948,0.4415578842163086,0.7729052901268005,0.3252400755882263,0.9330313801765442
IMG_9687 2,13,427,bad,0.47277331352233887,0.439546138048172,-0.13062497973442078,0.9996058344841003,0.48016098141670227,0.43433865904808044,-0.10831944644451141,0.9996620416641235,0.4842430353164673,0.4344789385795593,-0.1083512231707573,0.999629020690918,0.4879121482372284,0.43457937240600586,-0.10841973125934601,0.9996544122695923,0.46818649768829346,0.4340563118457794,-0.09583514928817749,0.9994747042655945,0.46399468183517456,0.4340488910675049,-0.09588427096605301,0.9993031620979309,0.45952552556991577,0.4340570569038391,-0.09591259807348251,0.9992621541023254,0.4932909905910492,0.43783894181251526,0.034956011921167374,0.9997285008430481,0.4519904553890228,0.43717727065086365,0.06316414475440979,0.9993801712989807,0.48081353306770325,0.4459717273712158,-0.07647871971130371,0.9995603561401367,0.46397534012794495,0.4458427429199219,-0.06087767332792282,0.999186098575592,0.5308776497840881,0.4775530993938446,0.03549434244632721,0.9991707801818848,0.4224852919578552,0.47594407200813293,0.12872116267681122,0.9977908730506897,0.5027621984481812,0.4927141070365906,-0.21380943059921265,0.913920521736145,0.3888278603553772,0.49650999903678894,-0.13295868039131165,0.8477692008018494,0.4726671874523163,0.4496842920780182,-0.40414875745773315,0.9261664748191833,0.4338768422603607,0.44979190826416016,-0.44081857800483704,0.9169068932533264,0.46619516611099243,0.4365968108177185,-0.4555669128894806,0.90069580078125,0.44440704584121704,0.43691977858543396,-0.5012089014053345,0.8652358651161194,0.4687751233577728,0.4340216815471649,-0.4424911439418793,0.89354407787323,0.4467689096927643,0.4361264109611511,-0.4803589880466461,0.8516749143600464,0.4706641137599945,0.4370517134666443,-0.4040238857269287,0.8675047159194946,0.44517841935157776,0.4407464563846588,-0.44399121403694153,0.8266273736953735,0.5027509927749634,0.5835131406784058,-0.06435193121433258,0.9998854994773865,0.43527325987815857,0.5848056674003601,0.06452850252389908,0.999714195728302,0.49438345432281494,0.6753897666931152,-0.18882659077644348,0.990113377571106,0.458528608083725,0.6736506819725037,0.15413692593574524,0.9528530836105347,0.5018167495727539,0.7710072994232178,-0.2037743330001831,0.9875869750976562,0.47430041432380676,0.7533532977104187,0.38227611780166626,0.9359896183013916,0.4997692406177521,0.7855573892593384,-0.216228649020195,0.8039008378982544,0.48298171162605286,0.7625678181648254,0.3964357078075409,0.7197287678718567,0.49782371520996094,0.7998257279396057,-0.4281103312969208,0.9802874326705933,0.435689777135849,0.7725309729576111,0.2573258876800537,0.934553861618042
IMG_9687 2,14,460,bad,0.47269412875175476,0.4396389126777649,-0.17537735402584076,0.9996336698532104,0.48012518882751465,0.43381211161613464,-0.1590292602777481,0.9996861815452576,0.4841978847980499,0.43377113342285156,-0.1591055542230606,0.9996557831764221,0.48790860176086426,0.4337543547153473,-0.15921899676322937,0.9996798634529114,0.46806633472442627,0.4339885711669922,-0.14040303230285645,0.9995136260986328,0.46384602785110474,0.4341032803058624,-0.14039656519889832,0.9993509650230408,0.4594462215900421,0.43423134088516235,-0.1404237449169159,0.9993151426315308,0.493419349193573,0.43702444434165955,-0.03373679518699646,0.9997467994689941,0.452924519777298,0.4373423755168915,0.048476338386535645,0.9994144439697266,0.4809611439704895,0.4460902512073517,-0.12688584625720978,0.9995899200439453,0.464523047208786,0.4463384747505188,-0.10249363631010056,0.9992438554763794,0.530838131904602,0.4762531518936157,-0.06239718571305275,0.9992344379425049,0.42979395389556885,0.476693332195282,0.14778539538383484,0.9978800415992737,0.4906265139579773,0.4922831952571869,-0.2741250693798065,0.9180108308792114,0.3891344368457794,0.496510773897171,-0.09273849427700043,0.8487368226051331,0.4717577397823334,0.44994667172431946,-0.4487653374671936,0.9265618920326233,0.43378692865371704,0.4499221444129944,-0.42476901412010193,0.9065139293670654,0.4668261706829071,0.43704307079315186,-0.5002057552337646,0.9008408784866333,0.4436393678188324,0.4369695484638214,-0.4811411499977112,0.8475327491760254,0.4691648483276367,0.434148371219635,-0.489618718624115,0.8938292264938354,0.4463406205177307,0.43645310401916504,-0.4575439989566803,0.8320932984352112,0.47105804085731506,0.4378235638141632,-0.44911056756973267,0.8660590648651123,0.4449867308139801,0.44071951508522034,-0.42833033204078674,0.8059868216514587,0.5027406215667725,0.5828539133071899,-0.09454499185085297,0.9998850226402283,0.4385685622692108,0.5843263864517212,0.09478428214788437,0.99969881772995,0.49361249804496765,0.6750295162200928,-0.22867336869239807,0.9904505610466003,0.45911988615989685,0.6730156540870667,0.22352489829063416,0.9482764005661011,0.5017681121826172,0.7710010409355164,-0.2567581832408905,0.9883303046226501,0.47430792450904846,0.7525248527526855,0.4693915843963623,0.9365144371986389,0.5003505349159241,0.7854445576667786,-0.27085229754447937,0.8189395070075989,0.4832695722579956,0.7622110247612,0.48444733023643494,0.7349255681037903,0.4863239526748657,0.7977550625801086,-0.4926660656929016,0.9814456701278687,0.43039509654045105,0.7718138098716736,0.3464111089706421,0.9369677305221558
IMG_9687 2,15,493,bad,0.47209662199020386,0.43951699137687683,-0.17388862371444702,0.9996582865715027,0.4793500006198883,0.4334285855293274,-0.15949101746082306,0.9997081160545349,0.4835672378540039,0.4332050085067749,-0.1595703512430191,0.9996802806854248,0.4874821901321411,0.4330097436904907,-0.15968750417232513,0.9997028112411499,0.46757572889328003,0.43403133749961853,-0.13972140848636627,0.9995487928390503,0.46369361877441406,0.4342546761035919,-0.13971474766731262,0.9993946552276611,0.45933735370635986,0.43443503975868225,-0.13973015546798706,0.9993643164634705,0.4936208128929138,0.43602240085601807,-0.042492691427469254,0.9997640252113342,0.4538070261478424,0.43728336691856384,0.04849692061543465,0.9994443655014038,0.480949729681015,0.4460817277431488,-0.1274898201227188,0.9996148347854614,0.46448177099227905,0.44652488827705383,-0.10195057094097137,0.9992947578430176,0.530072033405304,0.47610750794410706,-0.06492936611175537,0.9992923736572266,0.4377749264240265,0.4769236743450165,0.1794956475496292,0.9979516863822937,0.4906834363937378,0.5005086064338684,-0.25458192825317383,0.9207813739776611,0.38779884576797485,0.49682384729385376,-0.04004819318652153,0.8475705981254578,0.4700961112976074,0.4525279104709625,-0.3688078820705414,0.9266573190689087,0.4314745366573334,0.45118415355682373,-0.3822816014289856,0.8965362310409546,0.4672240614891052,0.4377700686454773,-0.4107973277568817,0.9008594155311584,0.4402998387813568,0.43859049677848816,-0.4369477927684784,0.8315535187721252,0.4695030152797699,0.4351939857006073,-0.4040726125240326,0.894030749797821,0.4434123933315277,0.4378114342689514,-0.4144270122051239,0.8147481679916382,0.471291720867157,0.43871504068374634,-0.3684103190898895,0.8641543388366699,0.442800372838974,0.4425567388534546,-0.3865486681461334,0.7876557111740112,0.5027005076408386,0.5812246799468994,-0.10418292880058289,0.9998767971992493,0.4414280354976654,0.5829100608825684,0.10439423471689224,0.9996622204780579,0.4927505552768707,0.672541081905365,-0.23303832113742828,0.9901240468025208,0.45942193269729614,0.6719272136688232,0.18816165626049042,0.9403919577598572,0.5017586946487427,0.7709904909133911,-0.25553563237190247,0.9888696670532227,0.47443199157714844,0.75254225730896,0.40638694167137146,0.9348957538604736,0.5011994242668152,0.7854190468788147,-0.26879623532295227,0.831678569316864,0.4841717779636383,0.7622174024581909,0.4206616282463074,0.7455353140830994,0.4834606647491455,0.7967390418052673,-0.48519790172576904,0.9823386073112488,0.4289911091327667,0.7719403505325317,0.2808011770248413,0.9375846982002258
IMG_9687 2,16,526,bad,0.4720657765865326,0.4401390552520752,-0.18611164391040802,0.9996780753135681,0.4790981113910675,0.4338665306568146,-0.17431855201721191,0.9997258186340332,0.48342669010162354,0.4335908591747284,-0.17440204322338104,0.9996999502182007,0.48741501569747925,0.4333447515964508,-0.17456649243831635,0.9997212290763855,0.46733734011650085,0.4346107542514801,-0.15183661878108978,0.999577522277832,0.46362820267677307,0.43484869599342346,-0.15182307362556458,0.9994269013404846,0.4592500329017639,0.43503883481025696,-0.15183183550834656,0.9994023442268372,0.49385589361190796,0.43609103560447693,-0.05955306068062782,0.9997769594192505,0.45417487621307373,0.43768247961997986,0.04623192921280861,0.9994661211967468,0.4809616506099701,0.4467199742794037,-0.13984858989715576,0.9996303915977478,0.46479809284210205,0.44719427824020386,-0.11041803658008575,0.999332845211029,0.5287577509880066,0.4746776521205902,-0.07257501035928726,0.9993476867675781,0.4431471526622772,0.4773205816745758,0.20345906913280487,0.998022198677063,0.48636987805366516,0.5007996559143066,-0.19911931455135345,0.9233191013336182,0.3886435925960541,0.4981814920902252,0.1416894942522049,0.8397698402404785,0.4651016294956207,0.4539724886417389,-0.24222731590270996,0.9265685081481934,0.4303489625453949,0.45205599069595337,-0.027560414746403694,0.8796731233596802,0.46640121936798096,0.43855854868888855,-0.27471381425857544,0.9007824063301086,0.4373021423816681,0.43956610560417175,-0.057249732315540314,0.8084871172904968,0.46954602003097534,0.4365066587924957,-0.2756417393684387,0.8942557573318481,0.4411414861679077,0.4394814074039459,-0.04299863800406456,0.7906973361968994,0.4694975018501282,0.44078588485717773,-0.2431170642375946,0.8630692958831787,0.4414258897304535,0.4437853693962097,-0.03054179437458515,0.7636421918869019,0.5025730133056641,0.5813940167427063,-0.11134614795446396,0.99986732006073,0.4438418447971344,0.5828182101249695,0.11171579360961914,0.999624490737915,0.4925619661808014,0.6726559996604919,-0.2382170557975769,0.9895737767219543,0.460335373878479,0.6717500686645508,0.1802402287721634,0.9297690987586975,0.501765251159668,0.7712569236755371,-0.25633683800697327,0.9890366196632385,0.4753032624721527,0.7522429823875427,0.3882668614387512,0.932625412940979,0.5029218792915344,0.7856090068817139,-0.2672668397426605,0.8435921669006348,0.48609867691993713,0.7617585062980652,0.40133747458457947,0.755509078502655,0.48660391569137573,0.796828031539917,-0.47139737010002136,0.9828730225563049,0.42784884572029114,0.7718836665153503,0.2655284106731415,0.9376086592674255
IMG_9687 2,17,559,bad,0.47097423672676086,0.4404570758342743,-0.17850038409233093,0.9996989965438843,0.4777725338935852,0.43392232060432434,-0.1654989868402481,0.9997439384460449,0.48218661546707153,0.4335307776927948,-0.1655721813440323,0.9997200965881348,0.48643752932548523,0.43314480781555176,-0.16571249067783356,0.9997400045394897,0.4664161503314972,0.4348573088645935,-0.1455196887254715,0.9996061325073242,0.46292683482170105,0.435106098651886,-0.14550434052944183,0.9994615316390991,0.4588293433189392,0.435300350189209,-0.1455221027135849,0.999441385269165,0.4938172996044159,0.4355863928794861,-0.0544930100440979,0.9997909665107727,0.45409008860588074,0.437598317861557,0.04853653907775879,0.9994918704032898,0.48041263222694397,0.4468914866447449,-0.13255995512008667,0.9996512532234192,0.4647625684738159,0.4474969804286957,-0.10676716268062592,0.9993746876716614,0.5287142992019653,0.47463753819465637,-0.06791632622480392,0.9993991851806641,0.4428330063819885,0.4769376218318939,0.1972310096025467,0.9981079697608948,0.4864690601825714,0.5038250684738159,-0.20239219069480896,0.926478922367096,0.3878380060195923,0.4984285235404968,0.06165863946080208,0.8394993543624878,0.4658880829811096,0.4549091160297394,-0.2617875039577484,0.9280245304107666,0.4306471347808838,0.45218729972839355,-0.1847561001777649,0.8706650733947754,0.4666716456413269,0.4388257563114166,-0.2954693138599396,0.9024549126625061,0.4377262592315674,0.4395463466644287,-0.22635453939437866,0.7935916781425476,0.47040385007858276,0.43694743514060974,-0.2927224934101105,0.8962067365646362,0.4412592947483063,0.4392881691455841,-0.2051267772912979,0.7746484279632568,0.47014909982681274,0.4417623281478882,-0.2613086402416229,0.8638275861740112,0.44148173928260803,0.4438256323337555,-0.18731684982776642,0.7470751404762268,0.5025638341903687,0.5814020037651062,-0.10956262797117233,0.9998620748519897,0.44465482234954834,0.5826871991157532,0.10989396274089813,0.9996035099029541,0.4923277795314789,0.6727713942527771,-0.24856002628803253,0.9892904162406921,0.4623371660709381,0.6717585325241089,0.18228061497211456,0.9212427735328674,0.5016847848892212,0.7713932394981384,-0.2764436900615692,0.9893811345100403,0.475742369890213,0.7519196271896362,0.402639776468277,0.9298903942108154,0.5029791593551636,0.7859330177307129,-0.2890934944152832,0.854209840297699,0.4866788983345032,0.7616652846336365,0.4162529408931732,0.7636964321136475,0.4829930067062378,0.7963770031929016,-0.500462532043457,0.9834899306297302,0.426911324262619,0.7715420722961426,0.28505921363830566,0.9371917843818665
IMG_9687 2,18,592,bad,0.47094741463661194,0.4394846558570862,-0.17669598758220673,0.9997180700302124,0.477772980928421,0.43254128098487854,-0.16245834529399872,0.9997595548629761,0.48219937086105347,0.43213316798210144,-0.16253185272216797,0.9997376799583435,0.48647382855415344,0.4318074882030487,-0.162650927901268,0.9997561573982239,0.46639665961265564,0.4335666298866272,-0.14346548914909363,0.9996308088302612,0.4628920555114746,0.43383508920669556,-0.14345717430114746,0.9994935393333435,0.4587782919406891,0.4340323805809021,-0.14347566664218903,0.9994770884513855,0.4940456748008728,0.43437567353248596,-0.04372961446642876,0.9998033046722412,0.4539809226989746,0.4361291229724884,0.04860386997461319,0.9995136857032776,0.4803992509841919,0.4458335041999817,-0.12946295738220215,0.999671220779419,0.46472957730293274,0.4465331435203552,-0.10506308078765869,0.9994147419929504,0.5286670923233032,0.4746118485927582,-0.05650303512811661,0.9994426965713501,0.44095173478126526,0.4757753014564514,0.18082837760448456,0.9981922507286072,0.48783987760543823,0.5029098987579346,-0.2209896296262741,0.9285977482795715,0.38735783100128174,0.49886396527290344,-0.025312326848506927,0.8443869948387146,0.467861145734787,0.4556056559085846,-0.3451923727989197,0.9285541772842407,0.43089306354522705,0.4530322551727295,-0.32181230187416077,0.8701973557472229,0.46929100155830383,0.4406121075153351,-0.3893173933029175,0.9026222229003906,0.4380098879337311,0.44034698605537415,-0.3813514709472656,0.7905312776565552,0.47586795687675476,0.4377153515815735,-0.3815858066082001,0.8964793086051941,0.4413107931613922,0.4401934742927551,-0.35321590304374695,0.7709766626358032,0.4754795730113983,0.4429398477077484,-0.34513533115386963,0.8628790378570557,0.44152358174324036,0.44453391432762146,-0.32624009251594543,0.742567777633667,0.5025987029075623,0.5814967751502991,-0.10407115519046783,0.9998521208763123,0.4452776312828064,0.5826655030250549,0.10432826727628708,0.9995762705802917,0.49220943450927734,0.6727518439292908,-0.22821694612503052,0.988882303237915,0.46224838495254517,0.6716756224632263,0.17292562127113342,0.9176454544067383,0.5015851259231567,0.7713993191719055,-0.24116292595863342,0.9896836876869202,0.47619497776031494,0.7521439790725708,0.39036694169044495,0.9299841523170471,0.5030837059020996,0.7860580682754517,-0.25279831886291504,0.8632434606552124,0.48708587884902954,0.761701226234436,0.39881378412246704,0.772442102432251,0.4822036623954773,0.7958771586418152,-0.4615035951137543,0.9840365052223206,0.4273197650909424,0.7716662287712097,0.2518487572669983,0.938165009021759
IMG_9687 2,19,625,bad,0.4703615605831146,0.43957746028900146,-0.17525342106819153,0.9997375011444092,0.47758591175079346,0.43261468410491943,-0.16125339269638062,0.9997757077217102,0.48212817311286926,0.4321953058242798,-0.16133025288581848,0.999755859375,0.4864632487297058,0.43188348412513733,-0.16145111620426178,0.9997735619544983,0.4661172926425934,0.4336812496185303,-0.1419297307729721,0.9996551871299744,0.46274861693382263,0.4339515268802643,-0.14191646873950958,0.999523401260376,0.4587479531764984,0.43415889143943787,-0.1419302523136139,0.9995100498199463,0.49437215924263,0.4345511198043823,-0.04586004465818405,0.9998165369033813,0.45406532287597656,0.43626105785369873,0.048489198088645935,0.9995341300964355,0.48027580976486206,0.44592714309692383,-0.1291358321905136,0.9996910691261292,0.4647105634212494,0.4466079771518707,-0.10402839630842209,0.999452531337738,0.5288760662078857,0.4747850298881531,-0.0639900416135788,0.9994865655899048,0.4404374957084656,0.47585344314575195,0.18365252017974854,0.998257577419281,0.48807254433631897,0.5051552057266235,-0.22840629518032074,0.9326463937759399,0.3877047002315521,0.49905094504356384,0.009894448332488537,0.8467096090316772,0.47284767031669617,0.45491889119148254,-0.36303725838661194,0.9316926002502441,0.4309498965740204,0.4529286324977875,-0.27027449011802673,0.8655081987380981,0.4734606444835663,0.4402790069580078,-0.4081607758998871,0.9061872959136963,0.4381817877292633,0.44032764434814453,-0.3201611638069153,0.7812685370445251,0.4795001447200775,0.437650591135025,-0.40196940302848816,0.9002906680107117,0.44124552607536316,0.4400114417076111,-0.2981460988521576,0.7607547640800476,0.47970259189605713,0.44288793206214905,-0.3636086881160736,0.8666883707046509,0.44141802191734314,0.4443908929824829,-0.27448680996894836,0.7322564125061035,0.5028130412101746,0.5816303491592407,-0.10357250273227692,0.9998466372489929,0.44567742943763733,0.5828028917312622,0.10381678491830826,0.9995552897453308,0.49221497774124146,0.672815203666687,-0.22006528079509735,0.9886588454246521,0.46243587136268616,0.6716846227645874,0.17256253957748413,0.9151167869567871,0.5015912652015686,0.7713212370872498,-0.22792188823223114,0.9900359511375427,0.4762187898159027,0.7525079250335693,0.3771113455295563,0.9309782385826111,0.503078818321228,0.786020815372467,-0.23930081725120544,0.8716828227043152,0.4871452748775482,0.7625240087509155,0.38343140482902527,0.781233012676239,0.483427494764328,0.7959583401679993,-0.44813260436058044,0.9846883416175842,0.4256024658679962,0.7718626856803894,0.2372322678565979,0.9398807287216187
IMG_9687 2,20,658,bad,0.47075045108795166,0.4394982159137726,-0.176176980137825,0.999755322933197,0.47802406549453735,0.4323936998844147,-0.16052022576332092,0.9997912049293518,0.48256468772888184,0.4319923520088196,-0.16060398519039154,0.9997731447219849,0.4868844449520111,0.43172404170036316,-0.1607227921485901,0.9997900128364563,0.46627140045166016,0.43349191546440125,-0.1422872394323349,0.999678373336792,0.4628053307533264,0.4337461292743683,-0.14226853847503662,0.9995523691177368,0.458800345659256,0.4339688718318939,-0.14228011667728424,0.9995409846305847,0.4945986270904541,0.4344884753227234,-0.04015331715345383,0.9998294115066528,0.4540325403213501,0.436145544052124,0.048130135983228683,0.9995563626289368,0.48035165667533875,0.44587987661361694,-0.12875211238861084,0.9997109174728394,0.46481454372406006,0.4465794861316681,-0.10507704317569733,0.9994885325431824,0.5291073322296143,0.47502878308296204,-0.061396293342113495,0.9995269179344177,0.439560204744339,0.47608694434165955,0.1727418154478073,0.9983074069023132,0.4912181794643402,0.5046674609184265,-0.27543777227401733,0.9364059567451477,0.3875496983528137,0.4986729919910431,0.0002257658779853955,0.8508769273757935,0.4798298478126526,0.45308947563171387,-0.4338127672672272,0.9350135326385498,0.43082815408706665,0.4516628384590149,-0.3633362948894501,0.8653340339660645,0.48088470101356506,0.43822723627090454,-0.48468640446662903,0.9100310802459717,0.4383045434951782,0.4398910403251648,-0.41875773668289185,0.7786404490470886,0.48513370752334595,0.43667247891426086,-0.4765000641345978,0.9043510556221008,0.44125887751579285,0.43926459550857544,-0.3952650725841522,0.7573889493942261,0.48522332310676575,0.44169095158576965,-0.434614360332489,0.8711652159690857,0.44129565358161926,0.44371652603149414,-0.3684486150741577,0.7289384603500366,0.5029788613319397,0.581728458404541,-0.10097131878137589,0.9998451471328735,0.4460119307041168,0.5828779935836792,0.10120454430580139,0.9995399713516235,0.4922235608100891,0.6731005907058716,-0.21920625865459442,0.9884199500083923,0.4624612629413605,0.6719309687614441,0.17999212443828583,0.9119368195533752,0.5016224384307861,0.7713160514831543,-0.22941157221794128,0.9902114868164062,0.47622251510620117,0.7527715563774109,0.38113370537757874,0.9301173686981201,0.5030723810195923,0.7859910130500793,-0.24162563681602478,0.878035843372345,0.48714107275009155,0.7626315355300903,0.38968953490257263,0.7864603400230408,0.4840475618839264,0.7960048913955688,-0.4553508162498474,0.9850208759307861,0.4252106547355652,0.7718806266784668,0.24445579946041107,0.9401479959487915
IMG_9687 2,21,691,bad,0.47074195742607117,0.43949761986732483,-0.17280620336532593,0.9997730255126953,0.4780161678791046,0.4325028955936432,-0.15811370313167572,0.9998064041137695,0.4825352430343628,0.43211010098457336,-0.15819762647151947,0.999789834022522,0.486843079328537,0.43182721734046936,-0.1583133190870285,0.9998058080673218,0.46625685691833496,0.4335322678089142,-0.13796521723270416,0.9997014403343201,0.46277952194213867,0.43376976251602173,-0.13794255256652832,0.9995819926261902,0.45883315801620483,0.4339637756347656,-0.13794896006584167,0.9995726346969604,0.4946025013923645,0.4345332980155945,-0.03790975734591484,0.9998418092727661,0.4540405571460724,0.4361755847930908,0.052131570875644684,0.9995810985565186,0.4802721440792084,0.4457864463329315,-0.1269177347421646,0.9997299313545227,0.464803010225296,0.4465305507183075,-0.10095585137605667,0.9995233416557312,0.5294821858406067,0.4751034677028656,-0.05706028267741203,0.9995633363723755,0.4389808773994446,0.4757990539073944,0.17437079548835754,0.9983716607093811,0.4933507740497589,0.5041543245315552,-0.27441275119781494,0.9402512311935425,0.38787421584129333,0.4983614683151245,-0.029253806918859482,0.8551216721534729,0.48104479908943176,0.45030173659324646,-0.4265982508659363,0.938559353351593,0.4307605028152466,0.4504767954349518,-0.362714022397995,0.8654772639274597,0.4817642271518707,0.4356178939342499,-0.47639912366867065,0.9142547249794006,0.4383319318294525,0.4382791221141815,-0.4177652895450592,0.7762197852134705,0.485627681016922,0.4337148368358612,-0.46768641471862793,0.9088002443313599,0.44130173325538635,0.4378637373447418,-0.39496853947639465,0.7543028593063354,0.48594197630882263,0.4383518397808075,-0.42718350887298584,0.8763628005981445,0.4412854313850403,0.4424549341201782,-0.36764007806777954,0.7261157631874084,0.5032157301902771,0.5816721320152283,-0.10052672028541565,0.9998450875282288,0.44594261050224304,0.5828771591186523,0.10073458403348923,0.9995326995849609,0.492234468460083,0.67313551902771,-0.2170427292585373,0.9880285263061523,0.46287474036216736,0.6719370484352112,0.17614366114139557,0.9075857996940613,0.5015239119529724,0.7713285088539124,-0.22806493937969208,0.9902620315551758,0.47664517164230347,0.7531041502952576,0.3740026354789734,0.9282601475715637,0.50260329246521,0.7859673500061035,-0.24020574986934662,0.8830186724662781,0.48743364214897156,0.7627702951431274,0.38221633434295654,0.789587140083313,0.4788355529308319,0.7956642508506775,-0.45133697986602783,0.9852294921875,0.4254247546195984,0.7719181180000305,0.24053053557872772,0.9398918151855469
IMG_9687 2,22,723,bad,0.4686394929885864,0.43964752554893494,-0.1556713879108429,0.9997805953025818,0.4764898121356964,0.43261924386024475,-0.14944034814834595,0.999812126159668,0.48103976249694824,0.4322839677333832,-0.14950768649578094,0.9997963905334473,0.48549512028694153,0.4320167303085327,-0.14963118731975555,0.9998124837875366,0.4654906392097473,0.43355825543403625,-0.12399126589298248,0.9997105598449707,0.46236199140548706,0.43378952145576477,-0.12397576868534088,0.9995884299278259,0.4586687684059143,0.4340023398399353,-0.12397938221693039,0.9995849132537842,0.4945962429046631,0.43467801809310913,-0.045244667679071426,0.9998452663421631,0.4546193480491638,0.43631741404533386,0.0584607869386673,0.9995841383934021,0.4789051115512848,0.4458369016647339,-0.11807536333799362,0.9997311234474182,0.4642135798931122,0.44659459590911865,-0.08505495637655258,0.9995357990264893,0.5304754972457886,0.4748417139053345,-0.06415142118930817,0.999591588973999,0.4395456910133362,0.47584283351898193,0.1956961452960968,0.9984301328659058,0.49243423342704773,0.5038174390792847,-0.25703489780426025,0.9433566927909851,0.38791757822036743,0.4983639419078827,0.06580613553524017,0.8576961755752563,0.4809233546257019,0.4459206461906433,-0.35004469752311707,0.9406445622444153,0.42983683943748474,0.4499179720878601,-0.16104397177696228,0.8605359792709351,0.4812849164009094,0.4323253035545349,-0.3922634720802307,0.9167373180389404,0.4384046196937561,0.4379134476184845,-0.20268215239048004,0.7661165595054626,0.4847431182861328,0.43014538288116455,-0.3865913450717926,0.911377489566803,0.44172176718711853,0.4374587833881378,-0.17608337104320526,0.7433210015296936,0.48587554693222046,0.4344150125980377,-0.350263386964798,0.8788057565689087,0.4413004219532013,0.44219815731048584,-0.16215865314006805,0.7154003381729126,0.5033708810806274,0.5817276835441589,-0.10634657740592957,0.9998340010643005,0.4459003806114197,0.5829489827156067,0.10655072331428528,0.9995033740997314,0.4922417104244232,0.6737115383148193,-0.21914367377758026,0.9876343607902527,0.4628385603427887,0.6720225811004639,0.17431889474391937,0.9024390578269958,0.5015250444412231,0.7717198729515076,-0.2261786013841629,0.9904178977012634,0.47664394974708557,0.7533448934555054,0.35703468322753906,0.9278814792633057,0.502993643283844,0.7867411971092224,-0.23739497363567352,0.8882893919944763,0.48751023411750793,0.7635731101036072,0.3650607168674469,0.7952852845191956,0.4796498715877533,0.7957006692886353,-0.44805583357810974,0.9856413006782532,0.424211710691452,0.7730967402458191,0.22755323350429535,0.9406915307044983
IMG_9687 2,23,756,bad,0.46459004282951355,0.44032296538352966,-0.15662994980812073,0.9997715353965759,0.4730820059776306,0.43294379115104675,-0.1556045264005661,0.9998046159744263,0.4775523543357849,0.432465136051178,-0.15566420555114746,0.9997901916503906,0.4818691611289978,0.43204355239868164,-0.15579406917095184,0.9998074769973755,0.4629005193710327,0.43399691581726074,-0.12669485807418823,0.9996961355209351,0.4602597951889038,0.43420127034187317,-0.1266791969537735,0.9995554089546204,0.45720717310905457,0.43432188034057617,-0.12667112052440643,0.9995614886283875,0.49290692806243896,0.43475836515426636,-0.07311993837356567,0.9998359680175781,0.4551039934158325,0.4363866448402405,0.051882993429899216,0.9995412826538086,0.4757853150367737,0.4460223615169525,-0.12436039000749588,0.9997076988220215,0.46244487166404724,0.4471054971218109,-0.08581404387950897,0.9995076656341553,0.5313943028450012,0.47493359446525574,-0.08425505459308624,0.9996106028556824,0.4409833252429962,0.4759034216403961,0.19056127965450287,0.9983788132667542,0.49021148681640625,0.5035461783409119,-0.2550874948501587,0.9453912377357483,0.3880780041217804,0.4966927468776703,0.1159789189696312,0.8523634672164917,0.47602352499961853,0.4408014416694641,-0.3292241394519806,0.9400915503501892,0.4297727644443512,0.4476461708545685,-0.049235403537750244,0.8430292010307312,0.4788683354854584,0.4289010167121887,-0.3694249987602234,0.9156497716903687,0.43848535418510437,0.43610113859176636,-0.08265631645917892,0.7415079474449158,0.48369213938713074,0.4273872375488281,-0.363884299993515,0.9101850986480713,0.44246867299079895,0.4357373118400574,-0.057420652359724045,0.717656672000885,0.4845636487007141,0.43115219473838806,-0.32907459139823914,0.875917375087738,0.4418465793132782,0.43935728073120117,-0.04928784817457199,0.6904762387275696,0.504126787185669,0.5815394520759583,-0.10989507287740707,0.9998194575309753,0.4458823502063751,0.5826672315597534,0.11011990159749985,0.9994490146636963,0.49235591292381287,0.6736584901809692,-0.2372855544090271,0.9871988296508789,0.4628189504146576,0.6718992590904236,0.17714078724384308,0.8960629105567932,0.5022550821304321,0.7718276977539062,-0.25147363543510437,0.9907146096229553,0.47697481513023376,0.7533607482910156,0.35758188366889954,0.9274315237998962,0.5050064921379089,0.7869240641593933,-0.26285693049430847,0.8928022980690002,0.4879053235054016,0.763567328453064,0.36650601029396057,0.8007332682609558,0.48009252548217773,0.7958827614784241,-0.4754100739955902,0.9861327409744263,0.4235568046569824,0.7730699777603149,0.227727010846138,0.9414499998092651
IMG_9687 2,24,789,bad,0.46288010478019714,0.44208693504333496,-0.19389502704143524,0.9997624754905701,0.4720779061317444,0.4341352581977844,-0.19150377810001373,0.9997971057891846,0.4765998125076294,0.43347570300102234,-0.1915677785873413,0.999785304069519,0.48094749450683594,0.43284302949905396,-0.19168990850448608,0.9998022317886353,0.4614769518375397,0.4353482723236084,-0.16551809012889862,0.9996824860572815,0.4588058888912201,0.43550607562065125,-0.1654944270849228,0.9995274543762207,0.45579957962036133,0.43549448251724243,-0.1654813289642334,0.9995316863059998,0.49187248945236206,0.43480032682418823,-0.10312948375940323,0.9998306632041931,0.45507580041885376,0.43657559156417847,0.014025401324033737,0.9994974732398987,0.4741149842739105,0.4470987021923065,-0.15679891407489777,0.9996944069862366,0.46095016598701477,0.4483325183391571,-0.12231987714767456,0.999481737613678,0.5323657989501953,0.47501224279403687,-0.11118409037590027,0.9996283054351807,0.44070208072662354,0.47521981596946716,0.16036449372768402,0.9983081221580505,0.48679521679878235,0.4956364929676056,-0.30712148547172546,0.9480100870132446,0.38819053769111633,0.4967001974582672,0.06426732987165451,0.8463756442070007,0.47254765033721924,0.4372616708278656,-0.4090908169746399,0.9404587149620056,0.4283446669578552,0.447724312543869,-0.15209797024726868,0.8253108263015747,0.47077319025993347,0.42600131034851074,-0.45285657048225403,0.9154970645904541,0.43783488869667053,0.43543508648872375,-0.20634464919567108,0.7183193564414978,0.47653821110725403,0.4244084358215332,-0.4395645260810852,0.9098751544952393,0.4410665035247803,0.4352675676345825,-0.19742052257061005,0.6932976841926575,0.47808000445365906,0.42826053500175476,-0.40572264790534973,0.8740848302841187,0.4404904842376709,0.4391937553882599,-0.16044515371322632,0.6660472750663757,0.5050389766693115,0.581508219242096,-0.10775309056043625,0.99981290102005,0.4458286166191101,0.5826241970062256,0.10794863849878311,0.9994121789932251,0.49250268936157227,0.6736726760864258,-0.23123957216739655,0.98726886510849,0.46253231167793274,0.671549379825592,0.1991112232208252,0.8938537836074829,0.5022515058517456,0.7720470428466797,-0.24236167967319489,0.9911251664161682,0.4771164357662201,0.7533872127532959,0.3999013900756836,0.9281196594238281,0.5049669146537781,0.7869951128959656,-0.2537189722061157,0.8982088565826416,0.4884395897388458,0.7636337876319885,0.4113783836364746,0.8064311742782593,0.483510285615921,0.79616379737854,-0.4645928144454956,0.9867455363273621,0.4238080084323883,0.7730704545974731,0.27472564578056335,0.9426829814910889
IMG_9687 2,25,822,bad,0.46361997723579407,0.4428974986076355,-0.14461539685726166,0.999778687953949,0.47321659326553345,0.4352758824825287,-0.13654227554798126,0.9998100399971008,0.47782179713249207,0.43461647629737854,-0.1365603506565094,0.9997988343238831,0.48224934935569763,0.43396031856536865,-0.1366180181503296,0.9998143315315247,0.46222829818725586,0.4365662634372711,-0.11774405092000961,0.9997044205665588,0.4594470262527466,0.4367902874946594,-0.11773741990327835,0.9995598196983337,0.456277996301651,0.4368059039115906,-0.1177634596824646,0.9995651245117188,0.492757111787796,0.43551385402679443,-0.0385914072394371,0.9998397827148438,0.455698162317276,0.4381144344806671,0.04799896478652954,0.999530017375946,0.47513940930366516,0.447970986366272,-0.10299874097108841,0.9997088313102722,0.46150752902030945,0.44936248660087585,-0.07847817242145538,0.9995098114013672,0.5343236327171326,0.47523829340934753,-0.04621237888932228,0.9996469020843506,0.4406050145626068,0.47464996576309204,0.15652693808078766,0.9983963370323181,0.48724257946014404,0.49319496750831604,-0.25719451904296875,0.9495439529418945,0.38854196667671204,0.4967268109321594,-0.07764547318220139,0.8513475060462952,0.4718703329563141,0.436884343624115,-0.3829227685928345,0.9423597455024719,0.4284335672855377,0.4477170705795288,-0.38377776741981506,0.8294627666473389,0.46784815192222595,0.4258705973625183,-0.4249410629272461,0.9176501035690308,0.4377797544002533,0.43546566367149353,-0.4417092800140381,0.7210915684700012,0.47228267788887024,0.42362070083618164,-0.40985575318336487,0.9119849801063538,0.4409404695034027,0.4352751076221466,-0.4114556610584259,0.6954131722450256,0.47440004348754883,0.42754927277565,-0.3797174394130707,0.8766404986381531,0.4405197203159332,0.4392367899417877,-0.3843575716018677,0.6676279902458191,0.5059759020805359,0.5814060568809509,-0.0988299548625946,0.999819815158844,0.44557538628578186,0.5824557542800903,0.09884675592184067,0.9994374513626099,0.49293234944343567,0.6732589602470398,-0.21398118138313293,0.9877660274505615,0.46226224303245544,0.6713114380836487,0.1931891143321991,0.8964985609054565,0.5023598074913025,0.7723446488380432,-0.2376715987920761,0.9915127754211426,0.47692713141441345,0.7534343004226685,0.3710673451423645,0.9311051964759827,0.5049977898597717,0.7870199084281921,-0.25065964460372925,0.9019279479980469,0.4882459342479706,0.7637530565261841,0.380291610956192,0.812997579574585,0.4825882613658905,0.7961914539337158,-0.45501914620399475,0.9874334931373596,0.4236675500869751,0.7733322381973267,0.24947914481163025,0.9453970789909363
IMG_9687 2,26,855,bad,0.4686485826969147,0.4429164528846741,-0.1383059173822403,0.9997901916503906,0.47728046774864197,0.43545302748680115,-0.12711866199970245,0.9998183846473694,0.48176151514053345,0.43491095304489136,-0.127155601978302,0.9998070597648621,0.48613858222961426,0.4343905448913574,-0.12721459567546844,0.9998220801353455,0.4656377136707306,0.4366671144962311,-0.11164914071559906,0.9997206926345825,0.46243324875831604,0.43694552779197693,-0.11164575070142746,0.9995834231376648,0.4589454233646393,0.43729695677757263,-0.11169176548719406,0.9995911121368408,0.4952719807624817,0.4362106919288635,-0.022398008033633232,0.9998424649238586,0.4574812054634094,0.43974924087524414,0.049479108303785324,0.9995551705360413,0.47986501455307007,0.4483308792114258,-0.09500711411237717,0.9997169375419617,0.4649398922920227,0.44964319467544556,-0.07477953284978867,0.9995318651199341,0.5368359088897705,0.47581160068511963,-0.030514897778630257,0.999657154083252,0.4403834044933319,0.4753711223602295,0.13640788197517395,0.9984862804412842,0.4907473623752594,0.48768511414527893,-0.25717225670814514,0.9493080973625183,0.3905184864997864,0.49742206931114197,-0.10964537411928177,0.8564831614494324,0.47193557024002075,0.4366271495819092,-0.4304618239402771,0.9432192444801331,0.4284936487674713,0.4493837356567383,-0.4218977987766266,0.8349798321723938,0.4677860736846924,0.4255657196044922,-0.4821806848049164,0.9188151359558105,0.43783342838287354,0.4399624168872833,-0.48092910647392273,0.7275505065917969,0.47189295291900635,0.4231463670730591,-0.47042545676231384,0.9130522012710571,0.44094571471214294,0.4379754066467285,-0.4566343426704407,0.7018237709999084,0.4738231599330902,0.4269702136516571,-0.4307401180267334,0.8780413269996643,0.44053569436073303,0.44145214557647705,-0.424256831407547,0.6736717820167542,0.5067894458770752,0.5816097259521484,-0.07822541892528534,0.9998267292976379,0.44547244906425476,0.5826271772384644,0.07822324335575104,0.9994629621505737,0.49458086490631104,0.6735547780990601,-0.17932924628257751,0.9881043434143066,0.462155818939209,0.671149730682373,0.19195295870304108,0.9009285569190979,0.5023248195648193,0.7723932862281799,-0.19124270975589752,0.9915818572044373,0.47610506415367126,0.7533981204032898,0.37750443816185,0.932930052280426,0.5038726329803467,0.7870131731033325,-0.20321093499660492,0.9028774499893188,0.48660096526145935,0.7631861567497253,0.38919028639793396,0.8137259483337402,0.4899885952472687,0.7972975969314575,-0.4094093143939972,0.98768150806427,0.4245637059211731,0.7732765674591064,0.2574067711830139,0.9467443823814392
IMG_9687 2,27,888,bad,0.47003883123397827,0.4443819224834442,-0.13686293363571167,0.9997916221618652,0.4781990349292755,0.43727484345436096,-0.1282263547182083,0.9998178482055664,0.48243895173072815,0.4363328516483307,-0.1282781958580017,0.999805748462677,0.48661866784095764,0.4359065294265747,-0.1283467411994934,0.9998201727867126,0.46709489822387695,0.4385679364204407,-0.11186254024505615,0.9997227191925049,0.4639059901237488,0.43909481167793274,-0.11186059564352036,0.9995862245559692,0.46016061305999756,0.4395751655101776,-0.11192521452903748,0.9995971918106079,0.4957399070262909,0.4379357397556305,-0.026240110397338867,0.9998353123664856,0.4581676423549652,0.4427213966846466,0.048292603343725204,0.9995610117912292,0.480851411819458,0.4496440589427948,-0.09558223932981491,0.9997168183326721,0.46638989448547363,0.4512665271759033,-0.0742422342300415,0.999535858631134,0.5377891063690186,0.47667771577835083,-0.02974921651184559,0.9996688961982727,0.44021642208099365,0.4775526225566864,0.11312247067689896,0.9985678791999817,0.49510055780410767,0.48855671286582947,-0.26433101296424866,0.9481185674667358,0.39562085270881653,0.49764373898506165,-0.1313570886850357,0.8592798113822937,0.47362369298934937,0.43755677342414856,-0.4698583781719208,0.9446296691894531,0.42851385474205017,0.4505580961704254,-0.464790016412735,0.8433983325958252,0.4687863290309906,0.42605045437812805,-0.5230305194854736,0.9210888743400574,0.43667200207710266,0.4407845437526703,-0.5251725316047668,0.7406456470489502,0.4728604555130005,0.42359378933906555,-0.5092065334320068,0.9153653979301453,0.4401250183582306,0.4389899969100952,-0.5088229179382324,0.715804934501648,0.47427448630332947,0.4274081587791443,-0.46937721967697144,0.8808789253234863,0.44024723768234253,0.4419598877429962,-0.4699021279811859,0.6877534985542297,0.5071868300437927,0.5824313163757324,-0.0684429407119751,0.9998372197151184,0.44498443603515625,0.5833056569099426,0.06851672381162643,0.9994950294494629,0.49539974331855774,0.6740880608558655,-0.17395970225334167,0.9884329438209534,0.46194005012512207,0.6711452603340149,0.18782025575637817,0.9041118025779724,0.5021868944168091,0.7723976373672485,-0.1968698501586914,0.9915430545806885,0.47560006380081177,0.7515218257904053,0.4159219264984131,0.9312291741371155,0.502948522567749,0.7869983315467834,-0.20904755592346191,0.9032645225524902,0.4861191213130951,0.7606998085975647,0.43334105610847473,0.8074665069580078,0.493352472782135,0.7979514002799988,-0.4147081673145294,0.9877115488052368,0.42810148000717163,0.7719733715057373,0.31432434916496277,0.9454519748687744
IMG_9687 2,28,921,bad,0.470023512840271,0.4453847408294678,-0.12076584249734879,0.9997968673706055,0.47837117314338684,0.4385540783405304,-0.10821805149316788,0.9998209476470947,0.4826262295246124,0.4379926323890686,-0.10826674103736877,0.9998080134391785,0.48676803708076477,0.4376964271068573,-0.10831151157617569,0.999821662902832,0.4670657515525818,0.43956056237220764,-0.0939255952835083,0.9997310042381287,0.46387389302253723,0.4400058388710022,-0.09392993152141571,0.9995997548103333,0.4600794017314911,0.440352201461792,-0.09401039034128189,0.9996123909950256,0.4957450032234192,0.43998274207115173,-0.003990636207163334,0.9998270273208618,0.456986665725708,0.4438847303390503,0.06276574730873108,0.99957275390625,0.4808219075202942,0.4513714015483856,-0.07824307680130005,0.9997164607048035,0.46577492356300354,0.452842652797699,-0.059295061975717545,0.9995386004447937,0.5379940867424011,0.47807130217552185,-0.011093645356595516,0.9996642470359802,0.43759363889694214,0.47849899530410767,0.11072217673063278,0.9986395835876465,0.5016219019889832,0.48944658041000366,-0.29302817583084106,0.9459318518638611,0.40093618631362915,0.4988090395927429,-0.14690755307674408,0.8640680909156799,0.4758734703063965,0.4380698502063751,-0.5520175695419312,0.9449397325515747,0.42871928215026855,0.4505409598350525,-0.4707180857658386,0.8540248274803162,0.47049957513809204,0.42639240622520447,-0.6142123341560364,0.9218257069587708,0.435935914516449,0.4406398832798004,-0.5320481657981873,0.7573880553245544,0.47364193201065063,0.42397958040237427,-0.5953080058097839,0.9159947633743286,0.43854057788848877,0.4388158917427063,-0.517356276512146,0.7338299751281738,0.47496309876441956,0.42783865332603455,-0.5517306923866272,0.8817434906959534,0.43927425146102905,0.44161057472229004,-0.47626596689224243,0.7065369486808777,0.5078590512275696,0.5834246277809143,-0.0643671452999115,0.9998481273651123,0.4443656802177429,0.5841034054756165,0.06440702080726624,0.9995295405387878,0.4963022768497467,0.6749833226203918,-0.1643706113100052,0.9887394905090332,0.46188509464263916,0.6713650226593018,0.1876932829618454,0.9079681038856506,0.5021340250968933,0.7722565531730652,-0.18497776985168457,0.9914871454238892,0.4738238453865051,0.7509135007858276,0.44905129075050354,0.9293025135993958,0.5005365014076233,0.7867000102996826,-0.19687366485595703,0.9032512307167053,0.483609676361084,0.7600584030151367,0.46917638182640076,0.7994356155395508,0.5008496642112732,0.798570454120636,-0.3992566466331482,0.987722635269165,0.42947396636009216,0.7714709639549255,0.3522031307220459,0.9437292218208313
IMG_9687 2,29,954,bad,0.47055909037590027,0.4480937123298645,-0.12193835526704788,0.9998046159744263,0.47917091846466064,0.4409669041633606,-0.10743307322263718,0.9998265504837036,0.48358842730522156,0.44055724143981934,-0.10749893635511398,0.9998139142990112,0.48780885338783264,0.4402543902397156,-0.10755161941051483,0.9998271465301514,0.46709248423576355,0.44248685240745544,-0.09400596469640732,0.9997411370277405,0.46381065249443054,0.4428974390029907,-0.09400372952222824,0.9996152520179749,0.4600246250629425,0.4431670010089874,-0.09408099204301834,0.9996269941329956,0.4962262809276581,0.4436933696269989,0.0004402069025672972,0.9998275637626648,0.455557256937027,0.44586265087127686,0.06379352509975433,0.9995807409286499,0.4810112714767456,0.4545975625514984,-0.07833119481801987,0.9997173547744751,0.4657568335533142,0.45593324303627014,-0.06037614494562149,0.9995319843292236,0.5386024713516235,0.48105955123901367,-0.015207688324153423,0.9996516704559326,0.4361571669578552,0.4808124005794525,0.1031203418970108,0.9986583590507507,0.5017247796058655,0.49295473098754883,-0.30374836921691895,0.9450231194496155,0.4076051115989685,0.5012506246566772,-0.1667405515909195,0.8626376390457153,0.4764464795589447,0.4386969208717346,-0.5452066659927368,0.9451889991760254,0.4328814744949341,0.45056235790252686,-0.49088525772094727,0.8604516983032227,0.4720664918422699,0.4265762269496918,-0.6039256453514099,0.9224440455436707,0.4368550479412079,0.4401562511920929,-0.552390456199646,0.7683696150779724,0.4744940996170044,0.42468249797821045,-0.5882099866867065,0.9166435599327087,0.4388306140899658,0.43826353549957275,-0.5391976237297058,0.7457042336463928,0.47588708996772766,0.4285071790218353,-0.5458461046218872,0.8829531073570251,0.43982070684432983,0.44129735231399536,-0.4980334937572479,0.71868497133255,0.5079752206802368,0.5856671333312988,-0.06472961604595184,0.9998562932014465,0.4439542293548584,0.5859087705612183,0.06474456936120987,0.9995572566986084,0.4968297779560089,0.6757925152778625,-0.16469405591487885,0.9889859557151794,0.461872398853302,0.6723278164863586,0.1880597621202469,0.9115387797355652,0.5022500157356262,0.7722561955451965,-0.17408104240894318,0.9914392232894897,0.47323113679885864,0.7511882185935974,0.42767077684402466,0.9299343824386597,0.5004032850265503,0.7866218090057373,-0.18521970510482788,0.9018024802207947,0.4826216995716095,0.7605161666870117,0.44380617141723633,0.7963914275169373,0.500914990901947,0.7986431121826172,-0.3862059712409973,0.9877266883850098,0.4293639659881592,0.7715967297554016,0.31761687994003296,0.9442272782325745
IMG_9687 2,30,987,bad,0.4705491364002228,0.45188841223716736,-0.13879656791687012,0.999811053276062,0.4791570007801056,0.4451124370098114,-0.1194862648844719,0.9998309016227722,0.4835801422595978,0.4447142779827118,-0.11957479268312454,0.9998190402984619,0.48780229687690735,0.4443313181400299,-0.11960475891828537,0.9998312592506409,0.4669477045536041,0.4461950659751892,-0.11179816722869873,0.9997485280036926,0.46342989802360535,0.4465455710887909,-0.11178764700889587,0.9996270537376404,0.45929792523384094,0.44666239619255066,-0.11188099533319473,0.9996356964111328,0.49619603157043457,0.4472598135471344,-0.00582640478387475,0.9998292326927185,0.4534282088279724,0.45012807846069336,0.04325051233172417,0.9995854496955872,0.48084384202957153,0.4581201672554016,-0.0906161516904831,0.9997202754020691,0.4654235243797302,0.45966199040412903,-0.07921123504638672,0.9995301365852356,0.5385593175888062,0.48266276717185974,-0.016628416255116463,0.9996465444564819,0.43364936113357544,0.4839440882205963,0.07553500682115555,0.9986677169799805,0.5013553500175476,0.4941326379776001,-0.3187812566757202,0.9431955814361572,0.40912458300590515,0.5011424422264099,-0.20256651937961578,0.8623032569885254,0.4764048755168915,0.440428763628006,-0.5580974817276001,0.9449772238731384,0.43522217869758606,0.4505145251750946,-0.5240225195884705,0.8656908273696899,0.4723149538040161,0.4272705018520355,-0.6178005933761597,0.9226224422454834,0.43781155347824097,0.4400597810745239,-0.5860359072685242,0.7775260210037231,0.47454115748405457,0.42530563473701477,-0.6053212285041809,0.9168823957443237,0.4399814307689667,0.43780505657196045,-0.5726944804191589,0.7554877400398254,0.47592535614967346,0.42920348048210144,-0.5601532459259033,0.883579432964325,0.4413391649723053,0.44115686416625977,-0.5312288999557495,0.7288520336151123,0.5084691643714905,0.5893965363502502,-0.06110726669430733,0.999864399433136,0.4439031481742859,0.5895365476608276,0.06113109737634659,0.9995834827423096,0.49874821305274963,0.675896167755127,-0.15564492344856262,0.9892749786376953,0.4618516266345978,0.6725103259086609,0.19259636104106903,0.9150789976119995,0.5022546052932739,0.7722998261451721,-0.15606574714183807,0.9914552569389343,0.47319889068603516,0.7512298226356506,0.42805057764053345,0.9312471151351929,0.5002298951148987,0.7866748571395874,-0.16664625704288483,0.9024874567985535,0.48250269889831543,0.7605667114257812,0.4431754946708679,0.7958265542984009,0.502447783946991,0.7994112372398376,-0.3660605251789093,0.9878360629081726,0.4290246367454529,0.7718406915664673,0.3148598372936249,0.9450019001960754
IMG_9687 2,31,1020,bad,0.4705372154712677,0.4519798159599304,-0.1402997374534607,0.9998103976249695,0.47914236783981323,0.44565141201019287,-0.12209707498550415,0.9998283386230469,0.48364076018333435,0.44539952278137207,-0.12217825651168823,0.9998177886009216,0.488033652305603,0.44510936737060547,-0.12222367525100708,0.9998308420181274,0.466450572013855,0.4464418292045593,-0.11303362995386124,0.9997430443763733,0.4626829922199249,0.4467580020427704,-0.11300245672464371,0.9996197819709778,0.4584651589393616,0.4468272924423218,-0.11310815811157227,0.9996225237846375,0.49666720628738403,0.4485030174255371,-0.0040341997519135475,0.999824047088623,0.4519214630126953,0.45046675205230713,0.03954866901040077,0.999559760093689,0.48082393407821655,0.4579452574253082,-0.09212286025285721,0.9997068643569946,0.4651815891265869,0.459368497133255,-0.08316992968320847,0.9994899034500122,0.5383067727088928,0.48397350311279297,-0.017618302255868912,0.9996129870414734,0.4317810535430908,0.4852360486984253,0.057723913341760635,0.9985609650611877,0.49733033776283264,0.49458059668540955,-0.30695927143096924,0.9389727711677551,0.41768965125083923,0.5010585784912109,-0.21660302579402924,0.8541439175605774,0.47652846574783325,0.44055283069610596,-0.531813383102417,0.944380521774292,0.4399576783180237,0.45008885860443115,-0.5119050145149231,0.8667118549346924,0.4736906588077545,0.427395224571228,-0.590323805809021,0.9222918748855591,0.44186922907829285,0.4399186670780182,-0.5717629790306091,0.781994104385376,0.4769066572189331,0.42536136507987976,-0.5785956978797913,0.9166923761367798,0.44397929310798645,0.43744799494743347,-0.5614367723464966,0.7604877948760986,0.477138489484787,0.42929282784461975,-0.5342845320701599,0.8839908242225647,0.444853812456131,0.4406677186489105,-0.5199491381645203,0.7341991066932678,0.5087450742721558,0.5900058746337891,-0.04376908391714096,0.9998694062232971,0.4437078535556793,0.5910921096801758,0.04377163574099541,0.9996005296707153,0.5007358193397522,0.6752985715866089,-0.131099134683609,0.9893088936805725,0.4624699354171753,0.6726301908493042,0.15083858370780945,0.9188776612281799,0.5026331543922424,0.7721160054206848,-0.11988885700702667,0.9910772442817688,0.47354093194007874,0.7516762614250183,0.3634980320930481,0.9313718676567078,0.500175416469574,0.7861611247062683,-0.12928196787834167,0.8972789645195007,0.48258176445961,0.7614362835884094,0.3760560154914856,0.7852743864059448,0.5061761140823364,0.7993943691253662,-0.3235732614994049,0.9873371124267578,0.4337350130081177,0.7721811532974243,0.2426813542842865,0.9440164566040039
IMG_9687 2,32,1053,bad,0.4694807231426239,0.4527308940887451,-0.13307450711727142,0.9998183250427246,0.4778289794921875,0.4468754827976227,-0.11498979479074478,0.9998351335525513,0.48286619782447815,0.44660258293151855,-0.11509545147418976,0.9998258352279663,0.4876558184623718,0.4461997151374817,-0.11516605317592621,0.9998381733894348,0.4643993377685547,0.44756558537483215,-0.1059274896979332,0.9997525215148926,0.4605644941329956,0.44792473316192627,-0.10587625205516815,0.9996344447135925,0.4565444886684418,0.4480118155479431,-0.10596230626106262,0.9996337890625,0.4965313971042633,0.44895100593566895,0.003990069963037968,0.999832808971405,0.4504714012145996,0.4517732560634613,0.046368345618247986,0.9995753169059753,0.4801289737224579,0.45844075083732605,-0.08539383858442307,0.9997127652168274,0.4639849066734314,0.4599744379520416,-0.07495133578777313,0.9994951486587524,0.5377168655395508,0.48445478081703186,-0.011142210103571415,0.9996028542518616,0.4305804669857025,0.48678460717201233,0.0754266157746315,0.9985703229904175,0.4939126968383789,0.494505912065506,-0.2921500504016876,0.9343301057815552,0.4204217791557312,0.5010067224502563,-0.18948426842689514,0.8491352200508118,0.47652068734169006,0.44066283106803894,-0.5180314183235168,0.9430298805236816,0.44728073477745056,0.4480789303779602,-0.48498213291168213,0.8687904477119446,0.47505640983581543,0.42743200063705444,-0.5708456039428711,0.9214083552360535,0.4510827362537384,0.43804389238357544,-0.5447745323181152,0.7873640060424805,0.4794296324253082,0.4257579743862152,-0.5566966533660889,0.9159733057022095,0.45266595482826233,0.43577462434768677,-0.5336779952049255,0.7664483785629272,0.4788987338542938,0.4296458065509796,-0.5157875418663025,0.8837031722068787,0.45189014077186584,0.4395892918109894,-0.49268102645874023,0.7401877641677856,0.5088387727737427,0.5907593369483948,-0.04376610741019249,0.9998744130134583,0.4436519145965576,0.5922051072120667,0.04382988438010216,0.9996228218078613,0.5025677680969238,0.6750061511993408,-0.12981006503105164,0.9892827272415161,0.46260374784469604,0.6728776693344116,0.12259840965270996,0.9234148859977722,0.5032296180725098,0.7721554636955261,-0.10977645218372345,0.9905975461006165,0.47443220019340515,0.7532910704612732,0.29744577407836914,0.933195948600769,0.5002963542938232,0.786165714263916,-0.11849794536828995,0.8935369849205017,0.4827769994735718,0.7634536623954773,0.3055553734302521,0.782566487789154,0.5075966119766235,0.799963653087616,-0.30933091044425964,0.986759603023529,0.43363866209983826,0.7736371755599976,0.16732947528362274,0.9444528222084045
IMG_9687 2,33,1085,bad,0.46801823377609253,0.45416736602783203,-0.13034701347351074,0.9998075366020203,0.4761577546596527,0.44933444261550903,-0.11204345524311066,0.9998250603675842,0.4814596176147461,0.44894638657569885,-0.11215247213840485,0.9998160004615784,0.4867447316646576,0.4484489858150482,-0.11222739517688751,0.9998300671577454,0.462644100189209,0.450149804353714,-0.10351880639791489,0.9997342824935913,0.4589257538318634,0.4505098760128021,-0.10346482694149017,0.9996099472045898,0.4551692605018616,0.4505893886089325,-0.10354667156934738,0.9996060729026794,0.49577319622039795,0.451053261756897,0.007898161187767982,0.9998235702514648,0.44965431094169617,0.453986793756485,0.04813666269183159,0.9995422959327698,0.4788985550403595,0.4593632221221924,-0.08256787061691284,0.9996879696846008,0.46267399191856384,0.4611341059207916,-0.0720319151878357,0.9994363188743591,0.5371443629264832,0.48551997542381287,-0.00040236939094029367,0.999572217464447,0.4301633834838867,0.4883350729942322,0.06895507872104645,0.9985055923461914,0.49369460344314575,0.49411025643348694,-0.2868303656578064,0.9292001724243164,0.4286511540412903,0.5002394318580627,-0.1980244517326355,0.8443719148635864,0.4758426249027252,0.4414907693862915,-0.5105863213539124,0.9401764273643494,0.4565536081790924,0.44539809226989746,-0.48438936471939087,0.871022641658783,0.4750434458255768,0.4291180372238159,-0.5676177740097046,0.9182180166244507,0.46107029914855957,0.43582555651664734,-0.5438541769981384,0.7927595376968384,0.4791243374347687,0.42696863412857056,-0.5539556741714478,0.912769079208374,0.46039479970932007,0.43398454785346985,-0.5338958501815796,0.7724237442016602,0.478102445602417,0.431281715631485,-0.5111337900161743,0.8802065849304199,0.45864057540893555,0.4380079209804535,-0.49195483326911926,0.7457780838012695,0.5088545083999634,0.5908815860748291,-0.03950243070721626,0.9998779892921448,0.44352152943611145,0.5927108526229858,0.03955449163913727,0.9996384382247925,0.5035315155982971,0.6749531626701355,-0.12655693292617798,0.9893401861190796,0.46259239315986633,0.6729342937469482,0.11254111677408218,0.9278231859207153,0.5032334327697754,0.771742045879364,-0.10757644474506378,0.9904536604881287,0.4744994044303894,0.7533385753631592,0.28774234652519226,0.9356067776679993,0.4998650550842285,0.785794734954834,-0.1163477897644043,0.8922427296638489,0.48282647132873535,0.7634886503219604,0.2962077558040619,0.780394971370697,0.5081931352615356,0.7999117374420166,-0.3095093369483948,0.9865379929542542,0.4341025650501251,0.7738263010978699,0.15535980463027954,0.9456110000610352
IMG_9687 2,34,1118,bad,0.4680047631263733,0.4551692605018616,-0.10855448246002197,0.9998060464859009,0.4761600196361542,0.45031699538230896,-0.08992920070886612,0.9998237490653992,0.48146453499794006,0.4500308036804199,-0.0900573655962944,0.9998156428337097,0.48678407073020935,0.4495682418346405,-0.09015259891748428,0.9998305439949036,0.4625590741634369,0.45074883103370667,-0.08092164993286133,0.9997292757034302,0.4588155448436737,0.45100292563438416,-0.08085418492555618,0.9996032118797302,0.4550758898258209,0.45101070404052734,-0.08091037720441818,0.9995956420898438,0.495819091796875,0.45181429386138916,0.02904726006090641,0.999826192855835,0.4494805634021759,0.4554392099380493,0.0723278671503067,0.9995350241661072,0.4788958430290222,0.46015816926956177,-0.06146758049726486,0.999679684638977,0.46250733733177185,0.4617280066013336,-0.04973438009619713,0.9994108080863953,0.5368130207061768,0.4862154424190521,0.01304413378238678,0.9995725750923157,0.42977437376976013,0.48912912607192993,0.08096326887607574,0.9984695315361023,0.49242305755615234,0.4941302537918091,-0.25311797857284546,0.9247995018959045,0.4335792362689972,0.5002231597900391,-0.1816127449274063,0.8344941139221191,0.47542932629585266,0.4425811469554901,-0.4535236358642578,0.9386193752288818,0.4597785770893097,0.4453173279762268,-0.4335487186908722,0.8695439100265503,0.4750341475009918,0.4304913878440857,-0.509920597076416,0.9167945384979248,0.4632760286331177,0.43561649322509766,-0.49321576952934265,0.7934930920600891,0.47910240292549133,0.4289829134941101,-0.5012998580932617,0.9114798307418823,0.4628961980342865,0.4339808225631714,-0.4861094653606415,0.7734405398368835,0.4780717194080353,0.43357476592063904,-0.4566325843334198,0.8791579008102417,0.46163198351860046,0.43806010484695435,-0.44215190410614014,0.746056318283081,0.5093010663986206,0.5908347368240356,-0.0384686104953289,0.9998824596405029,0.4435076415538788,0.5927492380142212,0.03858112916350365,0.9996545910835266,0.5063930749893188,0.6747942566871643,-0.1227368414402008,0.9890358448028564,0.46247029304504395,0.6731066107749939,0.09500700980424881,0.9313644170761108,0.5039263963699341,0.7721269130706787,-0.09645526856184006,0.9897953867912292,0.47450685501098633,0.7534596920013428,0.27057310938835144,0.9365300536155701,0.5001962780952454,0.7857699394226074,-0.10448522865772247,0.8856416344642639,0.48286116123199463,0.7634443640708923,0.27869200706481934,0.7752847075462341,0.5097668766975403,0.8002505898475647,-0.2978172302246094,0.9855652451515198,0.43806207180023193,0.7752583026885986,0.1374906748533249,0.9452338814735413
IMG_9687 2,35,1151,bad,0.4682632386684418,0.45460233092308044,-0.10875746607780457,0.999802827835083,0.47675177454948425,0.44948357343673706,-0.08948693424463272,0.9998199343681335,0.4823766052722931,0.4492095112800598,-0.0895995944738388,0.9998126029968262,0.4878494143486023,0.4487772583961487,-0.08968707174062729,0.9998286366462708,0.46269702911376953,0.44996365904808044,-0.08128479868173599,0.999722957611084,0.45890527963638306,0.45022448897361755,-0.08122756332159042,0.9995954632759094,0.45517218112945557,0.45025837421417236,-0.08128805458545685,0.9995851516723633,0.49640360474586487,0.4511757493019104,0.030747586861252785,0.9998238682746887,0.44954851269721985,0.45454347133636475,0.07071637362241745,0.9995241165161133,0.4794304668903351,0.45978620648384094,-0.06157288700342178,0.9996675252914429,0.4625244736671448,0.4612594246864319,-0.05070154368877411,0.9993813633918762,0.536552906036377,0.4860798120498657,0.013584095053374767,0.9995501637458801,0.42958375811576843,0.4886775314807892,0.08362137526273727,0.9984229207038879,0.4924691617488861,0.49503085017204285,-0.25625529885292053,0.9177824258804321,0.43406856060028076,0.4997302293777466,-0.18280534446239471,0.82613605260849,0.4745415151119232,0.44385501742362976,-0.46223536133766174,0.9345771074295044,0.4615221619606018,0.44505631923675537,-0.4522952437400818,0.8669481873512268,0.47442445158958435,0.4317820072174072,-0.5181611180305481,0.9130297303199768,0.46661192178726196,0.43536606431007385,-0.5117925405502319,0.7927638292312622,0.47874021530151367,0.4296298921108246,-0.5081172585487366,0.9077377915382385,0.46469542384147644,0.43394243717193604,-0.5026878714561462,0.7728950381278992,0.47756561636924744,0.4344688355922699,-0.46462199091911316,0.8752057552337646,0.4633544385433197,0.43789389729499817,-0.4601948857307434,0.7450356483459473,0.5095730423927307,0.5906742215156555,-0.038133371621370316,0.9998868703842163,0.44347745180130005,0.5924439430236816,0.038221415132284164,0.9996713399887085,0.5064094066619873,0.6747926473617554,-0.12419039756059647,0.9891713857650757,0.4623129367828369,0.6734338402748108,0.10386354476213455,0.9350795745849609,0.5039241909980774,0.7718298435211182,-0.10350335389375687,0.9896842241287231,0.47451335191726685,0.7535087466239929,0.2946159243583679,0.9380230903625488,0.5001589059829712,0.7855177521705627,-0.11226357519626617,0.8818632364273071,0.48282691836357117,0.7634355425834656,0.3043939471244812,0.7711305618286133,0.5092780590057373,0.8002379536628723,-0.30607932806015015,0.9852955937385559,0.43765610456466675,0.7752974629402161,0.1669541895389557,0.9456145167350769
IMG_9687 2,36,1184,bad,0.4685831069946289,0.4538963735103607,-0.11342798918485641,0.9997999668121338,0.4773434102535248,0.4492209255695343,-0.08982387185096741,0.9998178482055664,0.483150839805603,0.44904205203056335,-0.09001345187425613,0.9998111724853516,0.48860111832618713,0.4486389756202698,-0.09015053510665894,0.9998279213905334,0.46286892890930176,0.44962865114212036,-0.08561141043901443,0.9997182488441467,0.45897895097732544,0.4498361349105835,-0.08552952110767365,0.9995893239974976,0.45520398020744324,0.44984474778175354,-0.0856095552444458,0.9995761513710022,0.4971511960029602,0.45072969794273376,0.02210567705333233,0.9998233914375305,0.44959238171577454,0.4539795517921448,0.06869702786207199,0.9995166659355164,0.4800325036048889,0.45931103825569153,-0.0653553456068039,0.9996605515480042,0.46254709362983704,0.4607803523540497,-0.05196336284279823,0.99936443567276,0.5365604758262634,0.4851725101470947,0.009790911339223385,0.9995402693748474,0.42960843443870544,0.4874360263347626,0.08616470545530319,0.9984031319618225,0.4925011396408081,0.49517256021499634,-0.2630619406700134,0.9136542081832886,0.4338204860687256,0.4992438852787018,-0.1750440001487732,0.8186131715774536,0.4759012758731842,0.44404417276382446,-0.5074557662010193,0.932682454586029,0.46101129055023193,0.445141464471817,-0.470975399017334,0.8675189018249512,0.47600114345550537,0.43180927634239197,-0.5696168541908264,0.9113523960113525,0.4654955267906189,0.43501850962638855,-0.5318691730499268,0.7961709499359131,0.47974345088005066,0.429709255695343,-0.5597230195999146,0.9061794281005859,0.46430525183677673,0.4335932433605194,-0.5251717567443848,0.7769059538841248,0.4791455864906311,0.4344050884246826,-0.5113010406494141,0.8735844492912292,0.4632415771484375,0.43761053681373596,-0.48032939434051514,0.7487941980361938,0.5098870992660522,0.5900059938430786,-0.04107526317238808,0.9998897910118103,0.44332125782966614,0.5919813513755798,0.04117339104413986,0.9996829032897949,0.5061578154563904,0.674731433391571,-0.12866729497909546,0.9891025424003601,0.46228328347206116,0.6732286810874939,0.10808733850717545,0.9375938177108765,0.5035908222198486,0.771359920501709,-0.10762859880924225,0.9894564151763916,0.4745134115219116,0.7537145614624023,0.2977660298347473,0.9387438297271729,0.4997130334377289,0.7852121591567993,-0.11634954810142517,0.8804060816764832,0.48273417353630066,0.763633668422699,0.307249516248703,0.7677229642868042,0.5093755125999451,0.8002254962921143,-0.3120904564857483,0.9849886894226074,0.4374222457408905,0.7752692103385925,0.16533632576465607,0.9454511404037476
IMG_9687 2,37,1217,bad,0.4686347544193268,0.4536764919757843,-0.08478128165006638,0.9997879266738892,0.47753003239631653,0.44880643486976624,-0.0648106262087822,0.9998026490211487,0.4833723306655884,0.4485976994037628,-0.06492207944393158,0.9997958540916443,0.48881933093070984,0.4481948912143707,-0.06501641124486923,0.9998146295547485,0.46291249990463257,0.4492298662662506,-0.057404711842536926,0.9996920824050903,0.4589973986148834,0.449454128742218,-0.05734468251466751,0.9995551705360413,0.4552137553691864,0.44948509335517883,-0.057392459362745285,0.9995418190956116,0.4972148835659027,0.45056256651878357,0.05200818553566933,0.9998133182525635,0.44962748885154724,0.4535750448703766,0.09281527996063232,0.9994823336601257,0.48003873229026794,0.4592324197292328,-0.03798779472708702,0.9996339678764343,0.4624580442905426,0.4605647623538971,-0.026770036667585373,0.9993116855621338,0.536543607711792,0.48508891463279724,0.03386666253209114,0.9995302557945251,0.4295584559440613,0.4872184097766876,0.10245615243911743,0.9984039068222046,0.49298128485679626,0.4959518611431122,-0.23818112909793854,0.9098281860351562,0.4357987642288208,0.4988192915916443,-0.15812869369983673,0.809843122959137,0.4758923053741455,0.4446240961551666,-0.4531291127204895,0.9311882853507996,0.4613904654979706,0.4451998174190521,-0.43291664123535156,0.8671204447746277,0.47580674290657043,0.4325459897518158,-0.5128632187843323,0.9097546339035034,0.4648708701133728,0.4352228343486786,-0.49427342414855957,0.7980877757072449,0.478939026594162,0.430665522813797,-0.4998094439506531,0.9044898152351379,0.4636676013469696,0.4337323307991028,-0.4875403940677643,0.7792723178863525,0.47889193892478943,0.4348728060722351,-0.45577147603034973,0.8722371459007263,0.4628467559814453,0.43763861060142517,-0.4422625005245209,0.7514419555664062,0.5103499293327332,0.589844286441803,-0.03829100355505943,0.9998893737792969,0.44335195422172546,0.5919028520584106,0.03835819661617279,0.9996917247772217,0.5061315894126892,0.674712061882019,-0.09804551303386688,0.9889991879463196,0.46195560693740845,0.6732277274131775,0.07603438198566437,0.9405903220176697,0.5042948126792908,0.7701033353805542,-0.034711532294750214,0.9889332056045532,0.4746241867542267,0.7543006539344788,0.24200807511806488,0.9402599930763245,0.5002566576004028,0.7819494009017944,-0.03894694522023201,0.8670061826705933,0.48306190967559814,0.7637917399406433,0.248979389667511,0.7636033892631531,0.5102895498275757,0.8002051115036011,-0.23156139254570007,0.9840157628059387,0.4395485520362854,0.7768502235412598,0.10039671510457993,0.9456928372383118
IMG_9687 2,38,1250,bad,0.46842387318611145,0.4543057382106781,-0.09751465171575546,0.9997787475585938,0.4773845672607422,0.44919803738594055,-0.0794031172990799,0.9997915625572205,0.48330235481262207,0.4490348696708679,-0.07951000332832336,0.9997857213020325,0.48880088329315186,0.4486319124698639,-0.0796014592051506,0.9998056888580322,0.46272754669189453,0.44942840933799744,-0.07017163187265396,0.9996707439422607,0.4588279724121094,0.44961878657341003,-0.07011788338422775,0.9995231628417969,0.4550671875476837,0.4496111571788788,-0.0701712816953659,0.9995056390762329,0.49722057580947876,0.4506361782550812,0.03807544335722923,0.999812662601471,0.44964033365249634,0.4538622200489044,0.0838950127363205,0.999460756778717,0.4799516499042511,0.46025532484054565,-0.05078961327672005,0.9996189475059509,0.4621875286102295,0.4610241651535034,-0.03784507140517235,0.9992780685424805,0.5365204811096191,0.48499754071235657,0.022175446152687073,0.9995364546775818,0.42957502603530884,0.4871295094490051,0.11185917258262634,0.9984257817268372,0.4930049180984497,0.4967425465583801,-0.22487308084964752,0.9087821841239929,0.4361532926559448,0.4988679587841034,-0.12013275921344757,0.8068238496780396,0.47545403242111206,0.4454193711280823,-0.3970857262611389,0.9309912919998169,0.46308451890945435,0.4452378451824188,-0.37379756569862366,0.8664623498916626,0.47302040457725525,0.43362441658973694,-0.45122307538986206,0.9093851447105408,0.46765053272247314,0.43516695499420166,-0.4325089156627655,0.7980619668960571,0.47809019684791565,0.43134281039237976,-0.4436817169189453,0.904143750667572,0.46452757716178894,0.43376263976097107,-0.42180076241493225,0.7792823910713196,0.47841677069664,0.43568259477615356,-0.4001356065273285,0.872199296951294,0.463886559009552,0.4377084970474243,-0.3815763592720032,0.750653088092804,0.510417103767395,0.5897692441940308,-0.03999926149845123,0.9998880624771118,0.4433334767818451,0.5917568802833557,0.040091417729854584,0.9996992349624634,0.5060372352600098,0.6753442883491516,-0.1020667552947998,0.9887701869010925,0.46180260181427,0.6732476949691772,0.08357160538434982,0.9438760280609131,0.5042848587036133,0.7696758508682251,-0.03570627048611641,0.9883295297622681,0.4751564860343933,0.7544582486152649,0.2527180016040802,0.9423627257347107,0.5000540614128113,0.7811942100524902,-0.03957400098443031,0.8616270422935486,0.483242005109787,0.7640910148620605,0.2597881555557251,0.7665010690689087,0.5109567046165466,0.799439549446106,-0.22988824546337128,0.9832616448402405,0.4402015507221222,0.7768935561180115,0.11265711486339569,0.946634829044342
IMG_9687 2,39,1283,bad,0.46921709179878235,0.45446112751960754,-0.0804094672203064,0.9997826814651489,0.4781917929649353,0.4493594169616699,-0.061013173311948776,0.9997942447662354,0.4840255677700043,0.44932639598846436,-0.061125509440898895,0.9997883439064026,0.4895264208316803,0.44908592104911804,-0.06122454255819321,0.999808669090271,0.46328333020210266,0.449435293674469,-0.05313058942556381,0.9996742010116577,0.45926862955093384,0.44963422417640686,-0.053069788962602615,0.999528706073761,0.4553665816783905,0.44963985681533813,-0.05311214178800583,0.9995123147964478,0.49736130237579346,0.4513939917087555,0.05867013707756996,0.9998179078102112,0.44975006580352783,0.4542589485645294,0.09713513404130936,0.9994715452194214,0.48058465123176575,0.4603021442890167,-0.03325740993022919,0.9996213316917419,0.4624355435371399,0.46127697825431824,-0.022782061249017715,0.9992833733558655,0.536448061466217,0.48546719551086426,0.040590155869722366,0.9995438456535339,0.429396390914917,0.48762181401252747,0.12004097551107407,0.9984663724899292,0.4930320382118225,0.4977576434612274,-0.19709524512290955,0.9070059061050415,0.43752849102020264,0.4988653063774109,-0.11801473051309586,0.806262731552124,0.47544780373573303,0.44538840651512146,-0.36761847138404846,0.9307774901390076,0.46416014432907104,0.445321261882782,-0.36528587341308594,0.8679201602935791,0.472779244184494,0.43358731269836426,-0.421214759349823,0.9088452458381653,0.46996283531188965,0.43488094210624695,-0.42327651381492615,0.8004453182220459,0.47813495993614197,0.43141984939575195,-0.4117347300052643,0.9036174416542053,0.46620607376098633,0.4337102770805359,-0.4113907814025879,0.7818024158477783,0.4784703552722931,0.4358440935611725,-0.37011680006980896,0.8721224665641785,0.465287446975708,0.4377317726612091,-0.372081458568573,0.7528594136238098,0.5105151534080505,0.5897204279899597,-0.038004595786333084,0.9998900294303894,0.44331854581832886,0.5916416049003601,0.03811454772949219,0.9997115135192871,0.5059179067611694,0.6750466823577881,-0.1043478399515152,0.9883922934532166,0.46162304282188416,0.6734194755554199,0.07084143906831741,0.9462321400642395,0.5041545629501343,0.7687456607818604,-0.04413420334458351,0.9876447319984436,0.4753359258174896,0.7546422481536865,0.23336315155029297,0.9436975717544556,0.500038206577301,0.7806782722473145,-0.04862825572490692,0.8544178009033203,0.4835401177406311,0.7640863656997681,0.2397676557302475,0.765617311000824,0.5111917853355408,0.7992880940437317,-0.23741212487220764,0.9823495149612427,0.44023263454437256,0.7769963145256042,0.09377831965684891,0.9469537734985352
IMG_9687 2,40,1316,bad,0.46926790475845337,0.45473527908325195,-0.07775439321994781,0.9997764229774475,0.47826510667800903,0.4495607316493988,-0.05799328535795212,0.9997852444648743,0.4841318726539612,0.44955793023109436,-0.05811585858464241,0.9997789859771729,0.48962271213531494,0.44934985041618347,-0.05822845175862312,0.9998019337654114,0.46330055594444275,0.44953325390815735,-0.050087228417396545,0.9996592998504639,0.45927655696868896,0.4497114419937134,-0.05002203956246376,0.9995065927505493,0.4553748071193695,0.44971442222595215,-0.05006413906812668,0.9994915127754211,0.4973696768283844,0.45177581906318665,0.06263021379709244,0.9998148083686829,0.44976723194122314,0.454153835773468,0.10094629228115082,0.99945467710495,0.4806523621082306,0.46046626567840576,-0.030357608571648598,0.9996030926704407,0.462429016828537,0.461574912071228,-0.019994981586933136,0.9992513060569763,0.5362467169761658,0.4855768084526062,0.04391220211982727,0.9995389580726624,0.42895904183387756,0.48761415481567383,0.1300763636827469,0.9984718561172485,0.49292823672294617,0.4979655146598816,-0.1810561865568161,0.9064943790435791,0.43926289677619934,0.49881798028945923,-0.08953649550676346,0.8049207329750061,0.47531211376190186,0.4453800618648529,-0.3318491578102112,0.9304067492485046,0.4667494595050812,0.44488760828971863,-0.3136538565158844,0.8673030734062195,0.4722585380077362,0.4335486590862274,-0.3839694559574127,0.9078114032745361,0.4713902771472931,0.434646874666214,-0.37041983008384705,0.7999078631401062,0.4780423641204834,0.4314699172973633,-0.3751641511917114,0.9025800228118896,0.46850430965423584,0.4335336983203888,-0.35875797271728516,0.781220018863678,0.47846493124961853,0.4357841908931732,-0.33427193760871887,0.8716159462928772,0.4677492082118988,0.4373336434364319,-0.3204607665538788,0.7517563700675964,0.5105394124984741,0.589718759059906,-0.03754640370607376,0.9998891949653625,0.4432830214500427,0.5916770696640015,0.037671711295843124,0.9997183084487915,0.5055265426635742,0.6751014590263367,-0.10175154358148575,0.9876822829246521,0.4615507423877716,0.6735612154006958,0.06536450237035751,0.9482790231704712,0.5038501024246216,0.7686517834663391,-0.031059304252266884,0.9865884780883789,0.47556379437446594,0.754646897315979,0.2294100821018219,0.9446961879730225,0.499506413936615,0.7804421782493591,-0.03437798470258713,0.8455925583839417,0.4835459887981415,0.7641088962554932,0.23563489317893982,0.764779806137085,0.5112544894218445,0.7992884516716003,-0.2220231294631958,0.9810468554496765,0.44044631719589233,0.7769344449043274,0.08807719498872757,0.9469315409660339
IMG_9687 2,41,1349,bad,0.46989238262176514,0.45464813709259033,-0.12474557012319565,0.9997723698616028,0.47914204001426697,0.449344277381897,-0.10295747965574265,0.9997818470001221,0.485013484954834,0.44935840368270874,-0.10308339446783066,0.9997760057449341,0.49037566781044006,0.4491260051727295,-0.1031765341758728,0.9997992515563965,0.4638095796108246,0.44937172532081604,-0.09655869752168655,0.9996545314788818,0.4596817195415497,0.44956085085868835,-0.09650643914937973,0.9995004534721375,0.4557535946369171,0.44955310225486755,-0.096581369638443,0.999480664730072,0.49782466888427734,0.4515155553817749,0.03019140660762787,0.999809741973877,0.44980713725090027,0.45405811071395874,0.060545481741428375,0.9994442462921143,0.4813576638698578,0.460339218378067,-0.07350317388772964,0.9995977878570557,0.4627804458141327,0.46150171756744385,-0.06500453501939774,0.9992361664772034,0.5361984968185425,0.485448956489563,0.0253805723041296,0.9995115399360657,0.42897823452949524,0.4874773621559143,0.08034967631101608,0.9984277486801147,0.4932935833930969,0.4979330003261566,-0.2583518326282501,0.9025877714157104,0.43840211629867554,0.49867701530456543,-0.1837942749261856,0.80259770154953,0.47596821188926697,0.445570170879364,-0.4986185133457184,0.9276997447013855,0.4654425084590912,0.44495588541030884,-0.47397473454475403,0.8686784505844116,0.47258996963500977,0.4336313307285309,-0.5598053932189941,0.9052926898002625,0.47050753235816956,0.4346579313278198,-0.5346683859825134,0.8034504652023315,0.47860535979270935,0.4316175580024719,-0.5487552881240845,0.9001572132110596,0.46766743063926697,0.4335469603538513,-0.5264723896980286,0.7852000594139099,0.47914204001426697,0.43586230278015137,-0.5019750595092773,0.868840217590332,0.466878205537796,0.4373589754104614,-0.48227086663246155,0.7555686235427856,0.5105587244033813,0.5896703004837036,-0.036766134202480316,0.9998931884765625,0.4432075321674347,0.5916118621826172,0.03687967360019684,0.9997280240058899,0.5052887797355652,0.6751258969306946,-0.10992642492055893,0.9877015948295593,0.4619200527667999,0.6739059686660767,0.08977023512125015,0.9493094682693481,0.5034886598587036,0.7694054245948792,-0.08824174851179123,0.986609160900116,0.4758393466472626,0.7546355128288269,0.3122152090072632,0.9437773823738098,0.49899864196777344,0.7816580533981323,-0.09716124087572098,0.8471347689628601,0.4835485517978668,0.76385098695755,0.3247097432613373,0.7582405805587769,0.5111849904060364,0.7997456789016724,-0.292988121509552,0.9810981154441833,0.44031208753585815,0.7767549157142639,0.18489965796470642,0.9457980990409851
IMG_9687 2,42,1382,bad,0.47133296728134155,0.4532949924468994,-0.1246168315410614,0.9997597932815552,0.48100417852401733,0.4482800364494324,-0.10254348069429398,0.9997704029083252,0.4866987466812134,0.44789162278175354,-0.10266613215208054,0.9997631311416626,0.4918183386325836,0.4476526379585266,-0.10276200622320175,0.9997894167900085,0.465477854013443,0.4487506151199341,-0.09578556567430496,0.9996350407600403,0.46090686321258545,0.44908514618873596,-0.09573355317115784,0.9994710683822632,0.4567236602306366,0.44918397068977356,-0.09580128639936447,0.9994494318962097,0.4992603361606598,0.4510490596294403,0.030889105051755905,0.9997937679290771,0.45003536343574524,0.4532328248023987,0.06220625340938568,0.9994018077850342,0.4827454090118408,0.45920035243034363,-0.0731213241815567,0.999572217464447,0.4635951817035675,0.46049848198890686,-0.0641281008720398,0.999180793762207,0.5366817712783813,0.48470598459243774,0.025161659345030785,0.9994803071022034,0.4289838373661041,0.48670321702957153,0.08346331864595413,0.9983475804328918,0.49575963616371155,0.49740615487098694,-0.2648603618144989,0.9007075428962708,0.4375273883342743,0.49836137890815735,-0.18228279054164886,0.7987711429595947,0.4772467017173767,0.44550830125808716,-0.5067476630210876,0.9270870089530945,0.46462196111679077,0.44498196244239807,-0.47535717487335205,0.868661642074585,0.47379106283187866,0.43343567848205566,-0.5687122941017151,0.9042335748672485,0.46973633766174316,0.43439316749572754,-0.5360613465309143,0.8048974275588989,0.4791496992111206,0.43137040734291077,-0.5532516241073608,0.8991172909736633,0.46710649132728577,0.43323811888694763,-0.528509259223938,0.7869378924369812,0.47983115911483765,0.435447633266449,-0.5086207985877991,0.867791473865509,0.46634554862976074,0.4371683895587921,-0.48417940735816956,0.7574135065078735,0.5114255547523499,0.5895842909812927,-0.035013262182474136,0.9998941421508789,0.4431953728199005,0.5915172696113586,0.03512426093220711,0.9997304677963257,0.5052242875099182,0.6751940250396729,-0.11123257130384445,0.9873976707458496,0.46187832951545715,0.6738991141319275,0.09293472021818161,0.9498855471611023,0.5021002888679504,0.7694079875946045,-0.08127103745937347,0.9861011505126953,0.4756404757499695,0.7548009753227234,0.3131985366344452,0.9419462084770203,0.4973670244216919,0.7816937565803528,-0.08886905759572983,0.8445768356323242,0.4831148386001587,0.7639989256858826,0.3255312740802765,0.748572826385498,0.5110740661621094,0.7997242212295532,-0.28600382804870605,0.980376660823822,0.4402143955230713,0.7767147421836853,0.1820354461669922,0.9433488845825195
IMG_9687 2,43,1415,bad,0.4713122844696045,0.4531956911087036,-0.15549124777317047,0.9997228384017944,0.48094430565834045,0.4482288360595703,-0.13770073652267456,0.9997364282608032,0.4866836965084076,0.4477168619632721,-0.13781681656837463,0.9997276663780212,0.4917890727519989,0.4474586546421051,-0.13790248334407806,0.9997587203979492,0.4653158485889435,0.4486847519874573,-0.12853670120239258,0.9995850920677185,0.46073392033576965,0.4490240514278412,-0.12848591804504395,0.9993980526924133,0.4565138816833496,0.4491327702999115,-0.1285637617111206,0.9993663430213928,0.49925798177719116,0.45093369483947754,-0.0181894451379776,0.9997522830963135,0.4497479498386383,0.453149676322937,0.027307216078042984,0.9993146657943726,0.48272842168807983,0.4591454863548279,-0.10815645754337311,0.999523401260376,0.46347758173942566,0.4604766070842743,-0.09558578580617905,0.999076783657074,0.5368279218673706,0.48468178510665894,-0.027177924290299416,0.9993821978569031,0.42860400676727295,0.4866422414779663,0.04216361045837402,0.9982203245162964,0.4979579746723175,0.49738216400146484,-0.34461772441864014,0.8940618634223938,0.4371029734611511,0.4983465075492859,-0.23307234048843384,0.7918846607208252,0.47864237427711487,0.44546571373939514,-0.5978594422340393,0.9201653599739075,0.46431806683540344,0.44515538215637207,-0.5349300503730774,0.8679633736610413,0.47521474957466125,0.4334098994731903,-0.660860002040863,0.8981517553329468,0.468203067779541,0.43447333574295044,-0.5949675440788269,0.80653315782547,0.47990983724594116,0.43135789036750793,-0.6447196006774902,0.8928021788597107,0.465533971786499,0.4333333671092987,-0.5894290208816528,0.7891612648963928,0.48054322600364685,0.43540316820144653,-0.6000195145606995,0.8607693314552307,0.4650702178478241,0.4371825158596039,-0.5450955033302307,0.7601518630981445,0.5120876431465149,0.589631974697113,-0.03573661670088768,0.9998946785926819,0.44319024682044983,0.5915263295173645,0.03583693504333496,0.999729573726654,0.5051640868186951,0.6751935482025146,-0.11500215530395508,0.9875909686088562,0.4624325633049011,0.673880398273468,0.11605692654848099,0.9506149291992188,0.5022305250167847,0.7696006298065186,-0.10821603983640671,0.9862663149833679,0.4756374657154083,0.7539821267127991,0.34798964858055115,0.940331220626831,0.497493714094162,0.7820097208023071,-0.11835717409849167,0.8429646492004395,0.48307591676712036,0.7628749012947083,0.36184144020080566,0.739820122718811,0.5111066699028015,0.8001237511634827,-0.3159307837486267,0.9805113673210144,0.4401271343231201,0.7758087515830994,0.2286439687013626,0.9417595863342285
IMG_9687 2,44,1447,bad,0.4718676209449768,0.45294925570487976,-0.1706380695104599,0.9997033476829529,0.48142772912979126,0.44751641154289246,-0.1498577743768692,0.9997192621231079,0.4870797097682953,0.4471324384212494,-0.1499628871679306,0.9997093677520752,0.49207085371017456,0.44686344265937805,-0.15004050731658936,0.9997427463531494,0.46571651101112366,0.4481923580169678,-0.14260616898536682,0.9995608329772949,0.4611099660396576,0.44859209656715393,-0.1425565928220749,0.999363124370575,0.45684683322906494,0.44876325130462646,-0.1426287442445755,0.9993237257003784,0.49938705563545227,0.4503191113471985,-0.021538276225328445,0.9997344017028809,0.44976934790611267,0.45310813188552856,0.015152256935834885,0.9992792010307312,0.48317649960517883,0.4588547646999359,-0.1207394078373909,0.9995055794715881,0.46388864517211914,0.46040892601013184,-0.11084755510091782,0.9990419149398804,0.5368351936340332,0.4848625957965851,-0.032936859875917435,0.999294638633728,0.4284040331840515,0.4867200553417206,0.02276322804391384,0.9981207847595215,0.49965333938598633,0.49739131331443787,-0.3550606369972229,0.8887859582901001,0.4368825852870941,0.49815595149993896,-0.2773369252681732,0.7878893613815308,0.48117533326148987,0.44540026783943176,-0.6134322285652161,0.9148390293121338,0.4638287425041199,0.4452413320541382,-0.5848126411437988,0.8662184476852417,0.47900956869125366,0.43335652351379395,-0.6782432794570923,0.8933821320533752,0.4676501154899597,0.43465226888656616,-0.6471779942512512,0.806481122970581,0.48236286640167236,0.43121054768562317,-0.662192702293396,0.8879801630973816,0.46521326899528503,0.4336364269256592,-0.6383935809135437,0.7894466519355774,0.4825597107410431,0.43538227677345276,-0.6162223219871521,0.8556075692176819,0.46474894881248474,0.43784385919570923,-0.5939216613769531,0.7607895135879517,0.5123900771141052,0.5897225141525269,-0.03474811837077141,0.9998951554298401,0.4432923197746277,0.5916540026664734,0.03481612727046013,0.9997296333312988,0.5051390528678894,0.6751967668533325,-0.11734829843044281,0.9875065684318542,0.4629794657230377,0.6740795373916626,0.11932516098022461,0.9506593942642212,0.502149760723114,0.7696126103401184,-0.10918223112821579,0.986127495765686,0.476072758436203,0.7537619471549988,0.35142022371292114,0.9381064772605896,0.49751904606819153,0.78208988904953,-0.11897922307252884,0.8404868841171265,0.48344552516937256,0.7626092433929443,0.3651360869407654,0.7309318780899048,0.5111178755760193,0.8002751469612122,-0.3179877698421478,0.980320394039154,0.4410747289657593,0.7754093408584595,0.22842884063720703,0.9396129250526428
IMG_9687 2,45,1480,bad,0.4730980694293976,0.45287445187568665,-0.1677454113960266,0.9996810555458069,0.48290377855300903,0.4471956491470337,-0.14573609828948975,0.9997023344039917,0.48836222290992737,0.44687774777412415,-0.14584307372570038,0.9996917843818665,0.4931897222995758,0.44660019874572754,-0.14592181146144867,0.9997279047966003,0.4668889343738556,0.44797173142433167,-0.13969168066978455,0.9995364546775818,0.46195024251937866,0.4483948349952698,-0.13964274525642395,0.9993290305137634,0.4575556516647339,0.44858086109161377,-0.13971875607967377,0.9992824792861938,0.4998357594013214,0.4502106010913849,-0.015069426037371159,0.9997137188911438,0.4499274790287018,0.45309028029441833,0.016213640570640564,0.9992358684539795,0.48413369059562683,0.4587332010269165,-0.11716585606336594,0.9994818568229675,0.46473345160484314,0.4603777825832367,-0.10893156379461288,0.9989939332008362,0.5367850065231323,0.48497799038887024,-0.030174290761351585,0.9992072582244873,0.42823100090026855,0.48670369386672974,0.02388441376388073,0.9979637861251831,0.5007621049880981,0.49766725301742554,-0.352721631526947,0.881763219833374,0.43734705448150635,0.4980711042881012,-0.2769095003604889,0.7812484502792358,0.4841856360435486,0.4452051520347595,-0.6112684011459351,0.9087744951248169,0.46376317739486694,0.44527167081832886,-0.5802224278450012,0.8651694059371948,0.48236292600631714,0.43317198753356934,-0.6755180358886719,0.8882772922515869,0.46748289465904236,0.43466290831565857,-0.6412400603294373,0.8076027035713196,0.48474612832069397,0.4309785068035126,-0.6587072014808655,0.8827944397926331,0.4649963974952698,0.433652400970459,-0.6331738233566284,0.7910787463188171,0.4848726689815521,0.43534642457962036,-0.6137315630912781,0.8502013087272644,0.4648567736148834,0.43782341480255127,-0.5894151926040649,0.7628989815711975,0.5124461054801941,0.589702844619751,-0.03512014448642731,0.9998963475227356,0.4433325231075287,0.5916649103164673,0.03518505021929741,0.9997287392616272,0.5047903060913086,0.6752057671546936,-0.12571990489959717,0.9877094030380249,0.4631284177303314,0.6743396520614624,0.12686753273010254,0.9508422017097473,0.5021768808364868,0.7698285579681396,-0.1251090168952942,0.9863877892494202,0.475909024477005,0.7534262537956238,0.36133766174316406,0.9370867609977722,0.4976813495159149,0.7826489210128784,-0.13589289784431458,0.8403046131134033,0.4832626283168793,0.7620623111724854,0.375392347574234,0.7237158417701721,0.511350154876709,0.8004823923110962,-0.33365562558174133,0.980658769607544,0.4409312307834625,0.7751578092575073,0.24264895915985107,0.9387277364730835
IMG_9687 2,46,1513,bad,0.4759608507156372,0.4529329836368561,-0.1616351306438446,0.9996700286865234,0.4858136773109436,0.44710227847099304,-0.14003586769104004,0.9996964931488037,0.4908785820007324,0.446796715259552,-0.1401485949754715,0.9996870160102844,0.4955568015575409,0.44649651646614075,-0.14023400843143463,0.9997227191925049,0.46970489621162415,0.4478682577610016,-0.13359110057353973,0.999526858329773,0.4644709527492523,0.4482453763484955,-0.13354270160198212,0.999317467212677,0.4595537781715393,0.4483983516693115,-0.1336185336112976,0.9992667436599731,0.5010715126991272,0.4499192237854004,-0.009682228788733482,0.9997121095657349,0.4508092999458313,0.45267218351364136,0.025611955672502518,0.999224841594696,0.4863203763961792,0.4587657153606415,-0.10958989709615707,0.999474287033081,0.4670247733592987,0.4603753983974457,-0.10073120892047882,0.9989798069000244,0.5369606614112854,0.4845500886440277,-0.024994155392050743,0.9991888403892517,0.42823436856269836,0.4857760965824127,0.03472966328263283,0.9978956580162048,0.5011895895004272,0.49772143363952637,-0.3367387354373932,0.8798213601112366,0.43918243050575256,0.49806833267211914,-0.2422799915075302,0.7731581926345825,0.4864312708377838,0.4450629949569702,-0.6050537824630737,0.9059953689575195,0.46368762850761414,0.4452989399433136,-0.5474584102630615,0.8647922873497009,0.485005646944046,0.432593435049057,-0.6717043519020081,0.8860527276992798,0.4672049880027771,0.4346359670162201,-0.6099216341972351,0.8094000220298767,0.48716577887535095,0.43004605174064636,-0.6575862169265747,0.8805254697799683,0.4648730158805847,0.4336337745189667,-0.6039047241210938,0.7935850024223328,0.48724862933158875,0.4348835051059723,-0.6087027788162231,0.8478202223777771,0.46477341651916504,0.43773022294044495,-0.5576677322387695,0.7657554149627686,0.5127946138381958,0.5890253186225891,-0.040925733745098114,0.9998967051506042,0.4433947205543518,0.5912160277366638,0.041022732853889465,0.9997256398200989,0.5038573741912842,0.6751571893692017,-0.1377568542957306,0.9879785180091858,0.46357253193855286,0.6746280193328857,0.1249200627207756,0.9506077766418457,0.5021792650222778,0.7698399424552917,-0.1251107007265091,0.9867257475852966,0.47704529762268066,0.754318356513977,0.33159270882606506,0.9378575682640076,0.4981679916381836,0.7830221652984619,-0.13499532639980316,0.8420076370239258,0.4843995273113251,0.7632887959480286,0.33962494134902954,0.7253894805908203,0.5099612474441528,0.8002644181251526,-0.3359238803386688,0.9811486601829529,0.4409540891647339,0.7751448750495911,0.1904589831829071,0.9394227862358093
IMG_9687 2,47,1546,bad,0.47775179147720337,0.45243704319000244,-0.14874111115932465,0.9996452927589417,0.4876907467842102,0.44677379727363586,-0.1236530989408493,0.9996752738952637,0.4926054775714874,0.44658464193344116,-0.12376820296049118,0.9996637105941772,0.49713197350502014,0.4463350772857666,-0.12385886907577515,0.9997023344039917,0.47126418352127075,0.4472440779209137,-0.11864548921585083,0.9994899034500122,0.46569758653640747,0.4475206732749939,-0.11858773231506348,0.9992644190788269,0.4606703519821167,0.44761794805526733,-0.11860522627830505,0.9992076754570007,0.5022526383399963,0.44941145181655884,0.012629138305783272,0.999701738357544,0.45144304633140564,0.4508143663406372,0.04085520654916763,0.999177098274231,0.48769667744636536,0.4584757387638092,-0.09587462246417999,0.999453067779541,0.4679972231388092,0.45980316400527954,-0.08911114186048508,0.9989344477653503,0.5369271039962769,0.484571635723114,-0.01555970124900341,0.9991540312767029,0.42818683385849,0.48573577404022217,0.04483066871762276,0.997815728187561,0.5026232600212097,0.497439444065094,-0.33356377482414246,0.8781501650810242,0.4394216239452362,0.4981805086135864,-0.23309524357318878,0.7634682655334473,0.48829877376556396,0.4449228346347809,-0.5952896475791931,0.9042847156524658,0.4634763300418854,0.4458257257938385,-0.5459567308425903,0.8643237352371216,0.48538926243782043,0.43258360028266907,-0.6627326607704163,0.8844216465950012,0.4660727381706238,0.43462759256362915,-0.6103687286376953,0.8113008737564087,0.4876101016998291,0.4300152361392975,-0.6438507437705994,0.8788431882858276,0.46234530210494995,0.4337133467197418,-0.6038798093795776,0.7960952520370483,0.4880106747150421,0.43487125635147095,-0.5974389314651489,0.8464735746383667,0.46361228823661804,0.4379505217075348,-0.5566666126251221,0.7688881754875183,0.5129312872886658,0.5890012383460999,-0.03965962305665016,0.9998956322669983,0.4434225261211395,0.5910266041755676,0.0397409088909626,0.9997225403785706,0.5037701725959778,0.6752265095710754,-0.1301666647195816,0.9875016212463379,0.4640180170536041,0.6746267080307007,0.08861447125673294,0.9493885636329651,0.5021752715110779,0.7697582244873047,-0.08355467021465302,0.9861002564430237,0.4788443148136139,0.7550042867660522,0.2832161784172058,0.9361096620559692,0.4981362223625183,0.7820754051208496,-0.08980578184127808,0.8318564891815186,0.4850956201553345,0.7638293504714966,0.2918100953102112,0.7178636789321899,0.5102962851524353,0.8002268075942993,-0.29176822304725647,0.9800326824188232,0.4515874981880188,0.7757683992385864,0.1367843598127365,0.9367440938949585
